Date,Open,High,Low,Close,AdjClose,Volume,Dividends
2018-03-30,8553,8553,8496,8496,8496,159,0.0
2018-04-02,8452,8501,8424,8428,8428,32,0.0
2018-04-03,8345,8397,8295,8397,8397,1,0.0
2018-04-04,8433,8433,8317,8317,8317,182,0.0
2018-04-05,8419,8419,8419,8419,8419,0,0.0
2018-04-06,8349,8349,8336,8336,8336,1,0.0
2018-04-09,8373,8373,8373,8373,8373,0,0.0
2018-04-10,8317,8317,8308,8308,8308,104,0.0
2018-04-11,8409,8419,8409,8419,8419,104,0.0
2018-04-12,8428,8428,8428,8428,8428,0,0.0
2018-04-13,8452,8452,8452,8452,8452,0,0.0
2018-04-16,8461,8461,8461,8461,8461,1,0.0
2018-04-17,8461,8461,8461,8461,8461,0,0.0
2018-04-18,8577,8607,8567,8592,8592,1086,0.0
2018-04-19,8645,8645,8645,8645,8645,0,0.0
2018-04-20,8549,8567,8544,8567,8567,217,0.0
2018-04-23,8522,8522,8513,8513,8513,3,0.0
2018-04-24,8486,8486,8461,8461,8461,2,0.0
2018-04-25,8438,8438,8438,8438,8438,1,0.0
2018-04-26,8567,8567,8549,8549,8549,36,0.0
2018-04-27,8611,8611,8611,8611,8611,1,0.0
2018-04-30,8682,8682,8629,8629,8629,2,0.0
2018-05-02,8629,8629,8567,8567,8567,11,0.0
2018-05-03,8567,8567,8567,8567,8567,0,0.0
2018-05-04,8505,8505,8478,8478,8478,9,0.0
2018-05-08,8466,8466,8452,8452,8452,428,0.0
2018-05-09,8364,8364,8364,8364,8364,1,0.0
2018-05-10,8442,8442,8442,8442,8442,1,0.0
2018-05-11,8501,8501,8501,8501,8501,1,0.0
2018-05-14,8442,8447,8442,8447,8447,12,0.0
2018-05-15,8394,8394,8394,8394,8394,49,0.0
2018-05-16,8397,8397,8397,8397,8397,0,0.0
2018-05-17,8400,8400,8400,8400,8400,53,0.0
2018-05-18,8385,8409,8385,8409,8409,4,0.0
2018-05-21,8369,8442,8369,8442,8442,15,0.0
2018-05-23,8517,8517,8517,8517,8517,7,0.0
2018-05-24,8517,8522,8513,8522,8522,37,0.0
2018-05-25,8572,8572,8572,8572,8572,17,0.0
2018-05-28,8535,8535,8535,8535,8535,0,0.0
2018-05-29,8452,8461,8447,8457,8457,2,0.0
2018-05-30,8286,8286,8257,8257,8257,12,0.0
2018-05-31,8257,8257,8257,8257,8257,0,0.0
2018-06-01,8299,8299,8299,8299,8299,0,0.0
2018-06-04,8397,8397,8385,8385,8385,6,0.0
2018-06-05,8397,8397,8397,8397,8397,0,0.0
2018-06-07,8452,8452,8452,8452,8452,0,0.0
2018-06-08,8424,8433,8400,8409,8409,382,0.0
2018-06-11,8424,8424,8424,8424,8424,0,0.0
2018-06-12,8424,8424,8424,8424,8424,0,0.0
2018-06-14,8286,8336,8286,8303,8303,389,0.0
2018-06-15,8303,8303,8281,8281,8281,4,0.0
2018-06-18,8257,8257,8150,8197,8197,6,0.0
2018-06-19,8150,8150,8150,8150,8150,1,0.0
2018-06-20,8150,8150,8150,8150,8150,1,0.0
2018-06-21,8150,8150,8110,8110,8110,3,0.0
2018-06-22,8140,8140,8140,8140,8140,0,0.0
2018-06-25,8145,8145,8145,8145,8145,7,0.0
2018-06-26,8132,8132,8122,8122,8122,3,0.0
2018-06-27,8122,8122,8122,8122,8122,0,0.0
2018-06-28,8047,8047,7988,8006,8006,25,0.0
2018-06-29,8052,8052,8052,8052,8052,0,0.0
2018-07-02,7983,7983,7920,7920,7920,5,0.0
2018-07-03,7941,7941,7893,7893,7893,1,0.0
2018-07-04,7980,7980,7980,7980,7980,2,0.0
2018-07-05,7932,7932,7856,7856,7856,14,0.0
2018-07-06,7874,7901,7841,7901,7901,7,0.0
2018-07-09,7941,7941,7941,7941,7941,0,0.0
2018-07-10,7956,7956,7956,7956,7956,0,0.0
2018-07-11,7879,7937,7879,7937,7937,2,0.0
2018-07-12,7937,7937,7937,7937,7937,0,0.0
2018-07-13,8079,8079,8079,8079,8079,0,0.0
2018-07-16,8087,8087,8087,8087,8087,0,0.0
2018-07-17,8087,8087,8087,8087,8087,0,0.0
2018-07-18,8101,8101,8101,8101,8101,0,0.0
2018-07-19,8110,8110,8110,8110,8110,0,0.0
2018-07-20,8096,8096,8061,8061,8061,3,0.0
2018-07-23,8006,8006,7980,7980,7980,4,0.0
2018-07-24,7941,7960,7916,7956,7956,1085,0.0
2018-07-25,7960,7960,7960,7960,7960,8,0.0
2018-07-26,7906,7976,7897,7956,7956,5,0.0
2018-07-27,8011,8079,8011,8079,8079,1,0.0
2018-07-30,8042,8042,8042,8042,8042,1,0.0
2018-07-31,8042,8042,8042,8042,8042,0,0.0
2018-08-01,8079,8079,8079,8079,8079,0,0.0
2018-08-02,8028,8028,7941,7941,7941,1,0.0
2018-08-03,7980,7980,7980,7980,7980,1,0.0
2018-08-06,7972,7976,7923,7923,7923,100716,0.0
2018-08-07,7937,8001,7937,7997,7997,45670,0.0
2018-08-08,7997,7997,7997,7997,7997,0,0.0
2018-08-09,7980,7980,7976,7976,7976,2,0.0
2018-08-10,7879,7888,7853,7853,7853,198,0.0
2018-08-13,7798,7798,7728,7728,7728,3,0.0
2018-08-14,7733,7733,7733,7733,7733,0,0.0
2018-08-16,7612,7680,7612,7680,7680,2,0.0
2018-08-17,7718,7718,7718,7718,7718,1,0.0
2018-08-20,7718,7718,7718,7718,7718,1,0.0
2018-08-21,7841,7841,7841,7841,7841,1,0.0
2018-08-22,7856,7856,7856,7856,7856,297,0.0
2018-08-23,7874,7874,7874,7874,7874,0,0.0
2018-08-24,7937,7937,7923,7927,7927,10151,0.0
2018-08-27,8033,8033,8033,8033,8033,0,0.0
2018-08-28,8001,8001,8001,8001,8001,0,0.0
2018-08-29,8006,8006,8006,8006,8006,1,0.0
2018-08-30,8033,8033,8033,8033,8033,1,0.0
2018-08-31,8042,8066,8042,8066,8066,2,0.0
2018-09-03,7960,7976,7951,7972,7972,215,0.0
2018-09-04,7960,8042,7960,8033,8033,211,0.0
2018-09-05,7951,7968,7884,7893,7893,236,0.0
2018-09-06,7848,7874,7837,7874,7874,90569,0.0
2018-09-07,7749,7798,7705,7789,7789,45756,0.0
2018-09-10,7774,7793,7749,7762,7762,103,0.0
2018-09-11,7718,7718,7695,7695,7695,3,0.0
2018-09-12,7700,7700,7700,7700,7700,1,0.0
2018-09-13,7713,7713,7713,7713,7713,1,0.0
2018-09-14,7828,7833,7808,7833,7833,4,0.0
2018-09-17,7818,7818,7818,7818,7818,2,0.0
2018-09-18,7823,7823,7823,7823,7823,0,0.0
2018-09-19,7888,7897,7888,7897,7897,1,0.0
2018-09-20,7916,8011,7916,8011,8011,2,0.0
2018-09-21,7941,7980,7941,7960,7960,2726915,0.0
2018-09-27,7941,7997,7941,7992,7992,54,0.0
2018-09-28,7997,7997,7888,7893,7893,166,0.0
2018-10-01,7874,7911,7874,7888,7888,440,0.0
2018-10-02,7808,7808,7754,7754,7754,64,0.0
2018-10-04,7718,7718,7594,7594,7594,532,0.0
2018-10-05,7594,7594,7594,7594,7594,0,0.0
2018-10-08,7594,7594,7594,7594,7594,0,0.0
2018-10-10,7577,7577,7577,7577,7577,0,0.0
2018-10-11,7337,7337,7285,7285,7285,107,0.0
2018-10-12,7409,7450,7389,7404,7404,209,0.0
2018-10-15,7294,7294,7294,7294,7294,49,0.0
2018-10-16,7274,7274,7274,7274,7274,1,0.0
2018-10-17,7364,7364,7359,7359,7359,2,0.0
2018-10-18,7230,7237,7221,7226,7226,255,0.0
2018-10-19,7299,7299,7299,7299,7299,0,0.0
2018-10-22,7318,7318,7318,7318,7318,0,0.0
2018-10-23,7164,7164,7136,7136,7136,105,0.0
2018-10-24,7155,7155,7155,7155,7155,6,0.0
2018-10-25,6876,6929,6843,6929,6929,66,0.0
2018-10-26,6890,6890,6858,6890,6890,26,0.0
2018-10-29,6921,6929,6881,6881,6881,530,0.0
2018-10-30,6921,6921,6921,6921,6921,355,0.0
2018-10-31,6916,6916,6916,6916,6916,7,0.0
2018-11-01,6969,6974,6969,6969,6969,1,0.0
2018-11-02,7061,7181,7061,7181,7181,3,0.0
2018-11-05,7104,7104,7089,7089,7089,96,0.0
2018-11-06,7109,7113,7109,7109,7109,10,0.0
2018-11-07,7140,7172,7129,7172,7172,3,0.0
2018-11-08,7247,7247,7237,7237,7237,3,0.0
2018-11-09,7168,7168,7113,7113,7113,7,0.0
2018-11-12,7022,7061,7022,7043,7043,26,0.0
2018-11-13,6983,6983,6983,6983,6983,0,0.0
2018-11-14,6954,6954,6954,6954,6954,0,0.0
2018-11-15,6934,6934,6934,6934,6934,1,0.0
2018-11-16,6983,6983,6983,6983,6983,0,0.0
2018-11-19,6965,6996,6965,6996,6996,6,0.0
2018-11-20,6876,6876,6848,6858,6858,3,0.0
2018-11-21,6755,6796,6755,6787,6787,7,0.0
2018-11-22,6787,6787,6787,6787,6787,0,0.0
2018-11-23,6774,6774,6765,6765,6765,15,0.0
2018-11-26,6872,6872,6872,6872,6872,1,0.0
2018-11-27,6983,6983,6983,6983,6983,0,0.0
2018-11-28,6983,6983,6983,6983,6983,1,0.0
2018-11-29,7132,7132,7034,7034,7034,11,0.0
2018-11-30,7047,7047,6974,6974,6974,125,0.0
2018-12-03,7080,7132,7080,7132,7132,2,0.0
2018-12-04,7034,7043,7017,7017,7017,21,0.0
2018-12-05,6969,6979,6957,6957,6957,5,0.0
2018-12-06,6902,6902,6863,6863,6863,12,0.0
2018-12-07,6921,6934,6912,6934,6934,1,0.0
2018-12-10,6815,6815,6755,6755,6755,26,0.0
2018-12-11,6727,6731,6714,6731,6731,26,0.0
2018-12-12,6872,6872,6828,6872,6872,5,0.0
2018-12-13,6876,6876,6867,6867,6867,3,0.0
2018-12-14,6741,6741,6686,6686,6686,4,0.0
2018-12-17,6731,6755,6731,6755,6755,14,0.0
2018-12-18,6755,6755,6722,6722,6722,6159,0.0
2018-12-19,6765,6820,6760,6811,6811,6373,0.0
2018-12-20,6727,6727,6727,6727,6727,5,0.0
2018-12-21,6722,6722,6722,6722,6722,17,0.0
2018-12-24,6711,6711,6711,6711,6711,1,0.0
2018-12-26,6626,6626,6626,6626,6626,1,0.0
2018-12-27,6787,6787,6787,6787,6787,1,0.0
2018-12-28,6796,6796,6770,6787,6787,658,0.0
2019-01-02,6787,6787,6787,6787,6787,7,0.0
2019-01-03,6605,6605,6605,6605,6605,0,0.0
2019-01-04,6648,6648,6648,6648,6648,7,0.0
2019-01-07,6815,6815,6815,6815,6815,1,0.0
2019-01-08,6791,6791,6765,6774,6774,46,0.0
2019-01-09,6805,6965,6805,6965,6965,61,0.0
2019-01-10,6992,6992,6992,6992,6992,1,0.0
2019-01-11,7013,7013,7013,7013,7013,1,0.0
2019-01-14,6939,6939,6858,6858,6858,3,0.0
2019-01-15,6921,7022,6921,7022,7022,3,0.0
2019-01-16,7047,7099,7047,7080,7080,9,0.0
2019-01-17,7132,7132,7132,7132,7132,49,0.0
2019-01-18,7190,7190,7140,7181,7181,98,0.0
2019-01-21,7237,7237,7172,7172,7172,136,0.0
2019-01-22,7160,7177,7109,7136,7136,338,0.0
2019-01-23,7094,7104,7094,7104,7104,33,0.0
2019-01-24,7206,7252,7206,7252,7252,15,0.0
2019-01-25,7364,7440,7364,7440,7440,2682,0.0
2019-01-28,7515,7515,7450,7450,7450,2225,0.0
2019-01-29,7455,7510,7443,7510,7510,1,0.0
2019-01-30,7520,7671,7520,7641,7641,5621,0.0
2019-01-31,7710,7762,7646,7646,7646,177,0.0
2019-02-01,7700,7723,7675,7675,7675,14690,0.0
2019-02-07,7680,7687,7631,7682,7682,170,0.0
2019-02-08,7537,7547,7459,7459,7459,4619,0.0
2019-02-11,7469,7473,7423,7473,7473,363,0.0
2019-02-12,7496,7562,7496,7558,7558,96902,0.0
2019-02-13,7594,7594,7551,7551,7551,65,0.0
2019-02-14,7528,7590,7515,7590,7590,10007,0.0
2019-02-15,7558,7567,7478,7478,7478,5,0.0
2019-02-18,7551,7554,7496,7506,7506,139,0.0
2019-02-19,7450,7501,7450,7501,7501,38160,0.0
2019-02-20,7547,7599,7537,7577,7577,534,0.0
2019-02-21,7554,7554,7524,7524,7524,68279,0.0
2019-02-22,7547,7594,7547,7594,7594,11,0.0
2019-02-25,7616,7616,7551,7551,7551,8,0.0
2019-02-26,7567,7567,7520,7542,7542,2096,0.0
2019-02-27,7608,7612,7567,7567,7567,133,0.0
2019-02-28,7510,7510,7436,7436,7436,60,0.0
2019-03-04,7482,7501,7389,7389,7389,36037,0.0
2019-03-05,7313,7333,7282,7282,7282,376,0.0
2019-03-06,7282,7289,7266,7266,7266,2,0.0
2019-03-07,7341,7341,7266,7266,7266,182,0.0
2019-03-08,7237,7237,7168,7168,7168,168,0.0
2019-03-11,7140,7181,7140,7164,7164,21533,0.0
2019-03-12,7252,7279,7233,7279,7279,58503,0.0
2019-03-13,7206,7206,7140,7206,7206,32711,0.0
2019-03-14,7226,7226,7150,7190,7190,404,0.0
2019-03-15,7216,7266,7216,7266,7266,114823,0.0
2019-03-18,7261,7261,7233,7247,7247,18259,0.0
2019-03-19,7230,7261,7221,7261,7261,221,0.0
2019-03-20,7233,7271,7177,7256,7256,122,0.0
2019-03-21,7409,7469,7409,7443,7443,155,0.0
2019-03-22,7510,7510,7450,7482,7482,360,0.0
2019-03-25,7294,7333,7285,7299,7299,425,0.0
2019-03-26,7282,7289,7247,7247,7247,10267,0.0
2019-03-27,7242,7247,7216,7233,7233,2725773,0.0
2019-03-28,7211,7216,7168,7194,7194,104,0.0
2019-03-29,7194,7252,7194,7252,7252,108,0.0
2019-04-01,7341,7384,7341,7384,7384,36645,0.0
2019-04-02,7423,7455,7423,7440,7440,4649,0.0
2019-04-03,7440,7603,7440,7603,7603,5150,0.0
2019-04-04,7626,7657,7572,7603,7603,5061,0.0
2019-04-05,7603,7608,7603,7608,7608,540,0.0
2019-04-08,7662,7662,7616,7616,7616,1,0.0
2019-04-09,7631,7675,7608,7650,7650,1090,0.0
2019-04-10,7599,7671,7599,7671,7671,3,0.0
2019-04-11,7666,7682,7654,7654,7654,257,0.0
2019-04-12,7621,7666,7621,7666,7666,1362,0.0
2019-04-15,7687,7687,7650,7650,7650,155,0.0
2019-04-16,7671,7710,7666,7710,7710,33323,0.0
2019-04-17,7723,7737,7723,7728,7728,85794,0.0
2019-04-18,7728,7728,7626,7626,7626,14092,0.0
2019-04-19,7657,7682,7650,7682,7682,386,0.0
2019-04-22,7680,7713,7621,7666,7666,3176,0.0
2019-04-23,7666,7710,7666,7690,7690,109,0.0
2019-04-24,7700,7705,7562,7594,7594,2973,0.0
2019-04-25,7662,7662,7612,7616,7616,37,0.0
2019-04-26,7537,7547,7515,7524,7524,300,0.0
2019-04-29,7600,7703,7586,7703,7703,703,0.0
2019-04-30,7663,7682,7586,7654,7654,2533,0.0
2019-05-02,7652,7716,7652,7716,7716,817,0.0
2019-05-03,7668,7668,7647,7647,7647,3,0.0
2019-05-07,7559,7604,7559,7604,7604,3,0.0
2019-05-08,7532,7618,7532,7618,7618,361,0.0
2019-05-09,7537,7537,7320,7320,7320,328,0.0
2019-05-10,7330,7361,7262,7262,7262,330,0.0
2019-05-13,7262,7262,7242,7242,7242,8781,0.0
2019-05-14,7180,7267,7180,7237,7237,46448,0.0
2019-05-15,7247,7267,7247,7252,7252,4344,0.0
2019-05-16,7252,7252,7119,7128,7128,241,0.0
2019-05-17,7189,7199,7106,7106,7106,14517,0.0
2019-05-20,7149,7184,7106,7106,7106,107,0.0
2019-05-21,7128,7128,7128,7128,7128,2,0.0
2019-05-22,7096,7130,7039,7119,7119,1696,0.0
2019-05-23,7062,7062,7052,7052,7052,1,0.0
2019-05-24,7030,7062,7000,7000,7000,417,0.0
2019-05-27,7052,7052,7052,7052,7052,2,0.0
2019-05-28,7030,7030,7018,7030,7030,43,0.0
2019-05-29,6988,7009,6943,6992,6992,137,0.0
2019-05-30,6988,7057,6988,7057,7057,4,0.0
2019-05-31,7014,7044,6948,7022,7022,1428,0.0
2019-06-03,7022,7149,7018,7149,7149,1222,0.0
2019-06-04,7115,7130,7115,7130,7130,4,0.0
2019-06-05,7130,7130,7130,7130,7130,0,0.0
2019-06-07,7140,7176,7110,7110,7110,2,0.0
2019-06-10,7206,7262,7184,7262,7262,14823,0.0
2019-06-11,7262,7300,7262,7300,7300,2912,0.0
2019-06-12,7300,7300,7257,7257,7257,2138,0.0
2019-06-13,7140,7176,7101,7176,7176,44,0.0
2019-06-14,7167,7167,7135,7135,7135,4,0.0
2019-06-17,7123,7144,7123,7140,7140,33,0.0
2019-06-18,7206,7206,7184,7184,7184,361,0.0
2019-06-19,7290,7305,7290,7305,7305,24,0.0
2019-06-20,7334,7334,7334,7334,7334,41,0.0
2019-06-21,7334,7334,7315,7315,7315,34758,0.0
2019-06-24,7334,7351,7330,7334,7334,48670,0.0
2019-06-25,7338,7382,7315,7315,7315,19,0.0
2019-06-26,7361,7421,7361,7377,7377,22511,0.0
2019-06-27,7454,7491,7454,7486,7486,13172,0.0
2019-06-28,7496,7515,7439,7515,7515,19300,0.0
2019-07-01,7542,7559,7501,7524,7524,13529,0.0
2019-07-02,7477,7520,7477,7486,7486,702,0.0
2019-07-03,7486,7486,7387,7387,7387,148,0.0
2019-07-04,7426,7463,7412,7463,7463,168,0.0
2019-07-05,7449,7449,7449,7449,7449,3,0.0
2019-07-08,7320,7334,7305,7305,7305,51,0.0
2019-07-09,7330,7361,7330,7330,7330,46,0.0
2019-07-10,7351,7365,7342,7356,7356,224,0.0
2019-07-11,7454,7458,7443,7454,7454,492,0.0
2019-07-12,7454,7454,7454,7454,7454,0,0.0
2019-07-15,7443,7501,7443,7501,7501,13246,0.0
2019-07-16,7510,7510,7486,7486,7486,17644,0.0
2019-07-17,7449,7449,7446,7446,7446,142,0.0
2019-07-18,7431,7443,7426,7443,7443,19069,0.0
2019-07-19,7506,7573,7506,7573,7573,37462,0.0
2019-07-22,7573,7583,7563,7583,7583,623,0.0
2019-07-23,7604,7623,7604,7623,7623,265,0.0
2019-07-24,7618,7618,7591,7591,7591,5,0.0
2019-07-25,7591,7591,7568,7591,7591,129,0.0
2019-07-26,7591,7613,7591,7613,7613,72,0.0
2019-07-29,7524,7524,7454,7454,7454,1143,0.0
2019-07-30,7542,7559,7515,7532,7532,6689,0.0
2019-07-31,7486,7496,7368,7446,7446,11939,0.0
2019-08-01,7387,7454,7377,7435,7435,610,0.0
2019-08-02,7325,7325,7315,7315,7315,1471,0.0
2019-08-05,7202,7237,7163,7167,7167,1095,0.0
2019-08-06,6969,7119,6965,7072,7072,1691,0.0
2019-08-07,7048,7072,7048,7072,7072,31,0.0
2019-08-08,7106,7130,7044,7044,7044,472,0.0
2019-08-09,7101,7159,7101,7149,7149,3406,0.0
2019-08-12,7140,7159,7123,7154,7154,4829,0.0
2019-08-13,7082,7082,7067,7067,7067,15,0.0
2019-08-14,7221,7221,7199,7199,7199,1,0.0
2019-08-16,7072,7140,7044,7128,7128,567,0.0
2019-08-19,7167,7167,7167,7167,7167,24746,0.0
2019-08-20,7123,7202,7123,7202,7202,12998,0.0
2019-08-21,7242,7275,7221,7237,7237,20,0.0
2019-08-22,7194,7194,7140,7140,7140,883,0.0
2019-08-23,7144,7144,7144,7144,7144,12,0.0
2019-08-26,7082,7082,7014,7014,7014,59,0.0
2019-08-27,7077,7091,7044,7044,7044,384,0.0
2019-08-28,7086,7144,7086,7135,7135,1376,0.0
2019-08-29,7135,7135,7086,7119,7119,241,0.0
2019-08-30,7221,7300,7216,7300,7300,14370,0.0
2019-09-02,7230,7300,7230,7290,7290,33,0.0
2019-09-03,7280,7280,7216,7216,7216,5,0.0
2019-09-04,7305,7310,7300,7300,7300,10997,0.0
2019-09-05,7421,7468,7392,7468,7468,434,0.0
2019-09-06,7458,7496,7458,7481,7481,2170,0.0
2019-09-09,7547,7595,7547,7573,7573,1011,0.0
2019-09-10,7600,7600,7600,7600,7600,7,0.0
2019-09-11,7652,7659,7586,7659,7659,5247,0.0
2019-09-16,7586,7618,7586,7618,7618,955,0.0
2019-09-17,7573,7583,7573,7583,7583,11,0.0
2019-09-18,7604,7668,7604,7668,7668,107,0.0
2019-09-19,7678,7743,7678,7739,7739,22619,0.0
2019-09-20,7739,7788,7739,7778,7778,14611,0.0
2019-09-23,7761,7798,7757,7793,7793,158251,0.0
2019-09-24,7778,7841,7766,7841,7841,9798,0.0
2019-09-25,7813,7813,7731,7731,7731,143,0.0
2019-09-26,7757,7773,7757,7773,7773,5359,0.0
2019-09-27,7678,7678,7633,7659,7659,279,0.0
2019-09-30,7647,7726,7647,7726,7726,17851,0.0
2019-10-01,7716,7731,7716,7731,7731,22284,0.0
2019-10-02,7643,7643,7559,7559,7559,1057,0.0
2019-10-04,7439,7591,7439,7563,7563,459,0.0
2019-10-07,7586,7586,7515,7542,7542,319921,0.0
2019-10-08,7583,7638,7568,7638,7638,206,0.0
2019-10-10,7568,7568,7568,7568,7568,15,0.0
2019-10-11,7647,7659,7647,7654,7654,55,0.0
2019-10-14,7743,7743,7682,7703,7703,761,0.0
2019-10-15,7703,7708,7698,7708,7708,22,0.0
2019-10-16,7770,7793,7736,7773,7773,10614,0.0
2019-10-17,7731,7736,7708,7736,7736,198,0.0
2019-10-18,7736,7736,7604,7604,7604,41,0.0
2019-10-21,7638,7638,7623,7623,7623,64,0.0
2019-10-22,7716,7753,7693,7753,7753,1002,0.0
2019-10-23,7739,7739,7721,7726,7726,58,0.0
2019-10-24,7753,7761,7721,7761,7761,764,0.0
2019-10-25,7766,7788,7743,7788,7788,5523,0.0
2019-10-28,7828,7828,7798,7823,7823,4536,0.0
2019-10-29,7848,7857,7798,7823,7823,4119438,0.0
2019-10-30,7773,7778,7715,7761,7761,5413,0.0
2019-10-31,7844,7857,7798,7841,7841,20846,0.0
2019-11-01,7761,7880,7761,7880,7880,3939,0.0
2019-11-04,7922,7968,7922,7968,7968,3626,0.0
2019-11-05,7968,8016,7955,8016,8016,367956,0.0
2019-11-06,8016,8033,7980,7983,7983,536,0.0
2019-11-07,7983,7983,7926,7976,7976,63212,0.0
2019-11-08,8016,8016,7914,7922,7922,44459,0.0
2019-11-11,7880,7890,7837,7857,7857,6540703,0.0
2019-11-12,7885,7950,7857,7950,7950,174814,0.0
2019-11-13,7890,7904,7861,7895,7895,4192,0.0
2019-11-14,7940,8016,7926,8016,8016,14682,0.0
2019-11-15,8011,8121,8011,8112,8112,6422965,0.0
2019-11-18,8130,8138,8080,8138,8138,22975,0.0
2019-11-19,8099,8103,8053,8103,8103,3998,0.0
2019-11-20,8058,8058,7972,7983,7983,15238,0.0
2019-11-21,7959,7959,7803,7857,7857,127778,0.0
2019-11-22,7861,7904,7853,7899,7899,21932,0.0
2019-11-25,7992,8001,7964,7983,7983,353,0.0
2019-11-26,7983,8080,7972,7972,7972,266886,0.0
2019-11-27,7992,8033,7964,8016,8016,75496,0.0
2019-11-28,8016,8018,7959,7972,7972,6834,0.0
2019-11-29,7936,7936,7803,7844,7844,142290,0.0
2019-12-02,7861,7890,7828,7833,7833,80477,0.0
2019-12-03,7743,7793,7720,7783,7783,655,0.0
2019-12-04,7730,7730,7684,7730,7730,708,0.0
2019-12-05,7783,7783,7672,7702,7702,1801,0.0
2019-12-06,7761,7813,7761,7813,7813,2872,0.0
2019-12-09,7861,7890,7841,7880,7880,5454,0.0
2019-12-10,7841,7899,7837,7899,7899,6660,0.0
2019-12-11,7880,7904,7848,7904,7904,362,0.0
2019-12-12,7959,8063,7959,8063,8063,11360,0.0
2019-12-13,8171,8264,8171,8264,8264,1851,0.0
2019-12-16,8230,8283,8230,8261,8261,813,0.0
2019-12-17,8333,8467,8297,8467,8467,8440,0.0
2019-12-18,8442,8514,8419,8483,8483,2386977,0.0
2019-12-19,8492,8524,8442,8483,8483,2198,0.0
2019-12-20,8501,8533,8476,8533,8533,2568,0.0
2019-12-23,8561,8561,8492,8519,8519,43251,0.0
2019-12-24,8514,8533,8433,8452,8452,31974,0.0
2019-12-26,8442,8501,8428,8501,8501,960,0.0
2019-12-27,8591,8691,8552,8646,8646,6459,0.0
2019-12-30,8633,8633,8575,8575,8575,12709,0.0
2020-01-02,8606,8606,8487,8497,8497,3694,0.0
2020-01-03,8606,8641,8452,8487,8487,9438,0.0
2020-01-06,8405,8428,8389,8428,8428,58287,0.0
2020-01-07,8457,8519,8457,8492,8492,1712,0.0
2020-01-08,8476,8533,8424,8497,8497,1362,0.0
2020-01-09,8623,8633,8542,8633,8633,384732,0.0
2020-01-10,8641,8720,8633,8720,8720,3555,0.0
2020-01-13,8720,8802,8674,8802,8802,10791,0.0
2020-01-14,8882,8910,8785,8830,8830,6080295,0.0
2020-01-15,8781,8781,8715,8729,8729,3367,0.0
2020-01-16,8715,8843,8706,8843,8843,12783,0.0
2020-01-17,8932,8932,8825,8857,8857,45670,0.0
2020-01-20,8905,8959,8892,8941,8941,71281,0.0
2020-01-21,8932,8932,8806,8811,8811,4250,0.0
2020-01-22,8793,8959,8793,8959,8959,19201,0.0
2020-01-23,8959,8959,8838,8870,8870,8102,0.0
2020-01-28,8619,8679,8570,8619,8619,21936,0.0
2020-01-29,8666,8682,8606,8646,8646,1814,0.0
2020-01-30,8619,8619,8442,8472,8472,3339,0.0
2020-01-31,8542,8596,8377,8377,8377,79583,0.0
2020-02-03,8274,8433,8235,8414,8414,28075,0.0
2020-02-04,8438,8591,8438,8579,8579,11912,0.0
2020-02-05,8666,8682,8547,8619,8619,31683,0.0
2020-02-06,8691,8852,8687,8852,8852,7846,0.0
2020-02-07,8820,8820,8706,8785,8785,6219,0.0
2020-02-10,8651,8715,8619,8715,8715,1124,0.0
2020-02-11,8757,8865,8757,8825,8825,30803,0.0
2020-02-12,8834,8887,8793,8887,8887,3563,0.0
2020-02-13,8920,8996,8873,8910,8910,42528,0.0
2020-02-14,8878,9024,8843,9004,9004,16419,0.0
2020-02-17,8996,9033,8950,9033,9033,33040,0.0
2020-02-18,8954,8954,8834,8865,8865,230512,0.0
2020-02-19,8897,8897,8766,8878,8878,15109,0.0
2020-02-20,8924,8963,8789,8882,8882,111167,0.0
2020-02-21,8706,8797,8706,8753,8753,50975,0.0
2020-02-24,8506,8561,8414,8424,8424,23536,0.0
2020-02-25,8357,8487,8357,8487,8487,9090,0.0
2020-02-26,8305,8394,8261,8347,8347,25431,0.0
2020-02-27,8323,8352,8189,8235,8235,8699,0.0
2020-02-28,8058,8112,7919,7940,7940,85126,0.0
2020-03-02,7976,8099,7890,8058,8058,3623,0.0
2020-03-03,8225,8248,8038,8072,8072,12095,0.0
2020-03-04,8016,8253,8006,8243,8243,99939,0.0
2020-03-05,8328,8343,8230,8328,8328,6491,0.0
2020-03-06,8205,8235,8112,8148,8148,129518,0.0
2020-03-09,7895,7895,7702,7730,7730,17996,0.0
2020-03-10,7681,7803,7667,7803,7803,20791,0.0
2020-03-11,7770,7778,7549,7590,7590,21967,0.0
2020-03-12,7499,7535,7230,7349,7349,39626,0.0
2020-03-13,6956,7292,6697,7207,7207,65133,0.0
2020-03-16,7253,7253,6947,6956,6956,46607,0.0
2020-03-17,6640,7009,6618,6774,6774,122296,0.0
2020-03-18,6801,6887,6385,6385,6385,11743,0.0
2020-03-19,6423,6423,5806,6090,6090,22542,0.0
2020-03-20,6086,6414,5987,6414,6414,10667,0.0
2020-03-23,5987,6247,5959,6134,6134,17801,0.0
2020-03-24,6315,6693,6315,6693,6693,7056,0.0
2020-03-25,7035,7101,6869,7091,7091,6955,0.0
2020-03-26,7110,7195,6965,6965,6965,7026,0.0
2020-03-27,7287,7287,6932,7168,7168,13073,0.0
2020-03-30,6979,7168,6932,7124,7124,3305,0.0
2020-03-31,7212,7340,7172,7340,7340,25412,0.0
2020-04-01,7281,7297,6927,6927,6927,7155,0.0
2020-04-02,6927,7035,6791,7035,7035,3419,0.0
2020-04-03,7026,7091,6947,7022,7022,4289,0.0
2020-04-06,7091,7263,7091,7263,7263,8363,0.0
2020-04-07,7438,7447,7253,7394,7394,15820,0.0
2020-04-08,7374,7409,7284,7284,7284,32123,0.0
2020-04-09,7399,7418,7317,7413,7413,17951,0.0
2020-04-10,7413,7452,7332,7452,7452,17607,0.0
2020-04-13,7441,7441,7327,7344,7344,11822,0.0
2020-04-14,7423,7480,7379,7452,7452,5285,0.0
2020-04-16,7374,7444,7344,7418,7418,6755,0.0
2020-04-17,7566,7712,7566,7642,7642,33177,0.0
2020-04-20,7594,7637,7504,7523,7523,18235,0.0
2020-04-21,7447,7480,7317,7433,7433,6188,0.0
2020-04-22,7340,7513,7272,7513,7513,4234,0.0
2020-04-23,7518,7590,7508,7531,7531,2206,0.0
2020-04-24,7484,7494,7413,7447,7447,26465,0.0
2020-04-27,7475,7608,7457,7561,7561,3174,0.0
2020-04-28,7633,7669,7561,7638,7638,1846,0.0
2020-04-29,7638,7728,7623,7704,7704,2444,0.0
2020-05-04,7566,7566,7469,7493,7493,6314301,0.0
2020-05-06,7566,7628,7493,7628,7628,283857,0.0
2020-05-07,7600,7652,7566,7604,7604,214774,0.0
2020-05-08,7652,7723,7652,7682,7682,334478,0.0
2020-05-11,7709,7733,7609,7623,7623,217150,0.0
2020-05-12,7633,7643,7522,7600,7600,237224,0.0
2020-05-13,7479,7628,7479,7628,7628,294324,0.0
2020-05-14,7526,7553,7483,7522,7522,326035,0.0
2020-05-15,7566,7566,7469,7540,7540,282536,0.0
2020-05-18,7512,7581,7483,7553,7553,306557,0.0
2020-05-19,7718,7751,7674,7751,7751,6609025,0.0
2020-05-20,7709,7807,7694,7807,7807,266485,0.0
2020-05-21,7880,7885,7807,7832,7832,290473,0.0
2020-05-22,7836,7836,7664,7713,7713,10803495,0.0
2020-05-25,7755,7802,7686,7802,7802,275399,0.0
2020-05-26,7797,7910,7782,7910,7910,341327,0.0
2020-05-27,7848,7923,7817,7861,7861,298835,0.0
2020-05-28,7978,8008,7836,7973,7973,334936,0.0
2020-05-29,7915,7956,7822,7900,7900,303347,0.0
2020-06-01,7857,8107,7857,8098,8098,421880,0.0
2020-06-02,8102,8158,8093,8158,8158,298361,0.0
2020-06-03,8231,8562,8231,8515,8515,357449,0.0
2020-06-04,8626,8748,8479,8586,8586,319387,0.0
2020-06-05,8557,8753,8557,8753,8753,324907,0.0
2020-06-08,8926,8926,8748,8785,8785,60827,0.0
2020-06-09,8797,8867,8654,8776,8776,23317,0.0
2020-06-10,8753,8812,8719,8812,8812,50430,0.0
2020-06-11,8771,8844,8612,8826,8826,10757,0.0
2020-06-12,8312,8586,8312,8586,8586,21447,0.0
2020-06-15,8447,8557,8093,8093,8093,28055,0.0
2020-06-16,8326,8608,8326,8608,8608,13343,0.0
2020-06-17,8589,8664,8479,8654,8654,9699,0.0
2020-06-18,8640,8748,8548,8748,8748,3576,0.0
2020-06-19,8664,8686,8487,8686,8686,10207,0.0
2020-06-22,8603,8776,8603,8753,8753,14769,0.0
2020-06-23,8821,8976,8766,8853,8853,38367,0.0
2020-06-24,8903,9023,8889,9004,9004,14369,0.0
2020-06-25,8835,8930,8789,8789,8789,18581,0.0
2020-06-26,8930,8930,8753,8858,8858,11602,0.0
2020-06-29,8776,8862,8691,8719,8719,9906,0.0
2020-06-30,8894,8894,8785,8785,8785,12758,0.0
2020-07-01,8884,8903,8714,8762,8762,7734,0.0
2020-07-02,8807,8926,8793,8926,8926,14439,0.0
2020-07-03,8957,9004,8921,9004,9004,12482,0.0
2020-07-06,9044,9157,9041,9134,9134,37954,0.0
2020-07-07,9239,9239,9044,9059,9059,47843,0.0
2020-07-08,9028,9102,8980,9041,9041,12581,0.0
2020-07-09,9107,9217,9107,9181,9181,86068,0.0
2020-07-10,9226,9294,9097,9189,9189,207103,0.0
2020-07-13,9256,9289,9162,9279,9279,81395,0.0
2020-07-14,9199,9230,9120,9194,9194,93944,0.0
2020-07-15,9284,9327,9189,9243,9243,134274,0.0
2020-07-16,9226,9226,9013,9049,9049,65825,0.0
2020-07-17,9041,9171,9032,9157,9157,113736,0.0
2020-07-20,9214,9214,9004,9028,9028,168876,0.0
2020-07-21,9171,9221,9148,9199,9199,423027,0.0
2020-07-22,9162,9181,9079,9152,9152,357252,0.0
2020-07-23,9166,9176,9107,9176,9176,416354,0.0
2020-07-24,9079,9171,9054,9110,9110,498314,0.0
2020-07-27,9088,9189,9088,9171,9171,434568,0.0
2020-07-28,9304,9386,9279,9376,9376,813301,0.0
2020-07-29,9391,9427,9299,9371,9371,637787,0.0
2020-07-30,9423,9437,9363,9391,9391,718778,0.0
2020-07-31,9476,9521,9406,9467,9467,427687,0.0
2020-08-03,9442,9615,9423,9615,9615,608080,0.0
2020-08-04,9685,9751,9610,9666,9666,808879,0.0
2020-08-05,9662,9818,9639,9818,9818,615282,0.0
2020-08-06,9818,9979,9818,9958,9958,1043788,0.0
2020-08-07,9993,10091,9949,10065,10065,632820,0.0
2020-08-10,10042,10139,9953,10110,10110,850879,0.0
2020-08-11,10139,10267,10115,10244,10244,1137099,0.0
2020-08-12,10157,10217,10065,10166,10166,1226589,0.0
2020-08-13,10254,10320,10065,10191,10191,1195700,0.0
2020-08-14,10096,10120,9941,10007,10007,729355,0.0
2020-08-18,10007,10144,9859,9912,9912,716974,0.0
2020-08-19,10017,10017,9864,9896,9896,1251463,0.0
2020-08-20,9818,9896,9521,9554,9554,710581,0.0
2020-08-21,9685,9864,9610,9746,9746,567945,0.0
2020-08-24,9766,9917,9662,9902,9902,807645,0.0
2020-08-25,9968,9993,9896,9983,9983,1478834,0.0
2020-08-26,10007,10195,9983,10166,10166,805396,0.0
2020-08-27,10230,10306,10186,10200,10200,998711,0.0
2020-08-28,10249,10258,10125,10171,10171,1486075,0.0
2020-08-31,10258,10301,9921,9941,9941,845520,0.0
2020-09-01,9949,10060,9907,9988,9988,571815,0.0
2020-09-02,10051,10078,9941,10046,10046,405004,0.0
2020-09-03,10135,10239,10135,10239,10239,473530,0.0
2020-09-04,9879,10060,9874,10027,10027,551983,0.0
2020-09-07,10032,10032,9896,9968,9968,520603,0.0
2020-09-08,10027,10091,9907,10091,10091,2347909,0.0
2020-09-09,9896,9979,9896,9902,9902,883066,0.0
2020-09-10,10060,10060,9931,9993,9993,662060,0.0
2020-09-11,9953,9983,9884,9983,9983,718651,0.0
2020-09-14,10046,10101,9973,10101,10101,663754,0.0
2020-09-15,10157,10249,10115,10249,10249,972757,0.0
2020-09-16,10258,10262,10130,10166,10166,1112632,0.0
2020-09-17,10148,10148,9953,9993,9993,1394976,0.0
2020-09-18,10060,10078,9993,10051,10051,768237,0.0
2020-09-21,10022,10078,9869,9912,9912,338402,0.0
2020-09-22,9912,9953,9639,9704,9704,381956,0.0
2020-09-23,9840,9840,9511,9808,9808,382812,0.0
2020-09-24,9592,9714,9544,9572,9572,510517,0.0
2020-09-25,9662,9666,9521,9601,9601,307583,0.0
2020-09-28,9738,9738,9610,9714,9714,140647,0.0
2020-09-29,9854,9854,9761,9813,9813,128289,0.0
2020-10-05,9803,9887,9738,9879,9879,90517,0.0
2020-10-06,9899,9953,9884,9931,9931,153387,0.0
2020-10-07,9891,9988,9836,9988,9988,95551,0.0
2020-10-08,10046,10073,9968,9983,9983,118133,0.0
2020-10-12,10032,10042,9973,10007,10007,76920,0.0
2020-10-13,10073,10073,9936,10032,10032,103128,0.0
2020-10-14,10032,10037,9907,9949,9949,147877,0.0
2020-10-15,9949,9949,9808,9869,9869,137232,0.0
2020-10-16,9849,9891,9719,9791,9791,115835,0.0
2020-10-19,9791,9859,9714,9729,9729,63541,0.0
2020-10-20,9662,9771,9587,9766,9766,119010,0.0
2020-10-21,9791,9818,9724,9771,9771,50884,0.0
2020-10-22,9719,9724,9625,9685,9685,55212,0.0
2020-10-23,9738,9738,9605,9676,9676,70673,0.0
2020-10-26,9704,9719,9605,9639,9639,49397,0.0
2020-10-27,9580,9699,9554,9620,9620,56617,0.0
2020-10-28,9629,9714,9563,9714,9714,53384,0.0
2020-10-29,9597,9699,9554,9690,9690,88348,0.0
2020-10-30,9643,9643,9419,9423,9423,74001,0.0
2020-11-02,9423,9503,9349,9490,9490,76200,0.0
2020-11-03,9529,9685,9516,9685,9685,47307,0.0
2020-11-04,9771,9907,9690,9879,9879,112473,0.0
2020-11-05,9931,10081,9917,10078,10078,218728,0.0
2020-11-06,10148,10268,10144,10218,10218,463813,0.0
2020-11-09,10278,10370,10255,10316,10316,686550,0.0
2020-11-10,10222,10222,10081,10144,10144,3044955,0.0
2020-11-11,10135,10240,10110,10214,10214,209357,0.0
2020-11-12,10250,10258,10186,10222,10222,192572,0.0
2020-11-13,10135,10370,10135,10370,10370,289956,0.0
2020-11-16,10379,10518,10365,10503,10503,1057312,0.0
2020-11-17,10518,10562,10470,10513,10513,655613,0.0
2020-11-18,10549,10590,10513,10566,10566,381561,0.0
2020-11-19,10558,10629,10539,10629,10629,406836,0.0
2020-11-20,10614,10645,10558,10624,10624,584071,0.0
2020-11-23,10638,10868,10638,10868,10868,828089,0.0
2020-11-24,10886,11006,10868,10979,10979,771281,0.0
2020-11-25,11034,11156,10863,10932,10932,894474,0.0
2020-11-26,10952,11131,10886,11131,11131,1032385,0.0
2020-11-27,11097,11136,11061,11136,11136,732944,0.0
2020-11-30,11165,11165,11020,11020,11020,781986,0.0
2020-12-01,11061,11223,11061,11218,11218,619672,0.0
2020-12-02,11257,11486,11257,11486,11486,1192819,0.0
2020-12-03,11495,11605,11483,11605,11605,1302166,0.0
2020-12-04,11661,11990,11601,11913,11913,1825182,0.0
2020-12-07,12014,12043,11837,12019,12019,1929401,0.0
2020-12-08,11971,11976,11661,11676,11676,1879220,0.0
2020-12-09,11718,11976,11709,11976,11976,1493374,0.0
2020-12-10,11773,11967,11727,11817,11817,1825799,0.0
2020-12-11,11971,11990,11817,11842,11842,914424,0.0
2020-12-14,11869,11953,11797,11842,11842,829214,0.0
2020-12-15,11855,11874,11701,11842,11842,813183,0.0
2020-12-16,11903,11936,11822,11874,11874,597121,0.0
2020-12-17,11874,11888,11747,11888,11888,774637,0.0
2020-12-18,11893,11893,11783,11832,11832,628001,0.0
2020-12-21,11804,11837,11714,11837,11837,538223,0.0
2020-12-22,11778,11822,11657,11666,11666,661031,0.0
2020-12-23,11666,11809,11623,11804,11804,409000,0.0
2020-12-24,11832,12014,11809,11995,11995,622117,0.0
2020-12-28,12035,12083,11893,11949,11949,671408,0.0
2020-12-29,12107,12242,12087,12242,12242,1506874,0.0
2020-12-30,12242,12530,12174,12530,12530,2918894,0.0
2021-01-04,12539,13075,12525,13075,13075,3238834,0.0
2021-01-05,12976,13212,12933,13212,13212,2099809,0.0
2021-01-06,13249,13422,13043,13097,13097,2152207,0.0
2021-01-07,13194,13504,13164,13403,13403,1544335,0.0
2021-01-08,13531,14349,13526,14349,14349,3397003,0.0
2021-01-11,14519,15041,14116,14420,14420,6854152,0.0
2021-01-12,14284,14403,13747,14258,14258,3302494,0.0
2021-01-13,14116,14420,14070,14367,14367,2768233,0.0
2021-01-14,14225,14335,14111,14173,14173,2835514,0.0
2021-01-15,14211,14375,13761,13771,13771,2248762,0.0
2021-01-18,13536,13835,13485,13500,13500,1776505,0.0
2021-01-19,13541,13998,13517,13935,13935,1491979,0.0
2021-01-20,14093,14181,13817,13943,13943,1311376,0.0
2021-01-21,14042,14151,13967,14131,14131,873239,0.0
2021-01-22,14173,14281,14051,14131,14131,1353818,0.0
2021-01-25,14146,14445,14116,14445,14445,1468999,0.0
2021-01-26,14450,14450,14032,14163,14163,2662345,0.0
2021-01-27,14116,14249,13948,13972,13972,1536250,0.0
2021-01-28,13606,13940,13564,13832,13832,1269208,0.0
2021-01-29,13972,13991,13408,13471,13471,1111114,0.0
2021-02-01,13408,13869,13296,13869,13869,869879,0.0
2021-02-02,14019,14245,13921,14075,14075,1141045,0.0
2021-02-03,14225,14258,14023,14249,14249,959336,0.0
2021-02-04,14173,14177,13869,13986,13986,973546,0.0
2021-02-05,14116,14168,13948,14163,14163,966122,0.0
2021-02-08,14098,14126,13925,13925,13925,907471,0.0
2021-02-09,13998,14131,13879,13884,13884,785363,0.0
2021-02-10,13925,14006,13766,13998,13998,571785,0.0
2021-02-15,14155,14394,14126,14384,14384,1968468,0.0
2021-02-16,14399,14519,14339,14430,14430,2154735,0.0
2021-02-17,14407,14407,14146,14235,14235,1641353,0.0
2021-02-18,14168,14258,13967,13977,13977,1438801,0.0
2021-02-19,13977,14181,13855,14181,14181,1178509,0.0
2021-02-22,14254,14284,13967,14003,14003,759140,0.0
2021-02-23,13784,14019,13670,13917,13917,819346,0.0
2021-02-24,13879,14070,13574,13591,13591,803037,0.0
2021-02-25,13864,14211,13812,14211,14211,708075,0.0
2021-02-26,13807,13907,13564,13724,13724,1569480,0.0
2021-03-02,13981,14201,13780,13972,13972,1025791,0.0
2021-03-03,13860,14093,13812,14093,14093,428717,0.0
2021-03-04,13921,14023,13756,13879,13879,546164,0.0
2021-03-05,13638,13822,13500,13751,13751,774225,0.0
2021-03-08,13850,13869,13466,13500,13500,747486,0.0
2021-03-09,13356,13403,13062,13356,13356,561686,0.0
2021-03-10,13560,13670,13305,13366,13366,347895,0.0
2021-03-11,13398,13747,13398,13693,13693,448543,0.0
2021-03-12,13869,13963,13802,13917,13917,595135,0.0
2021-03-15,13925,13925,13747,13766,13766,273064,0.0
2021-03-16,13798,13822,13707,13807,13807,326552,0.0
2021-03-17,13817,13822,13545,13647,13647,551859,0.0
2021-03-18,13766,13972,13766,13850,13850,658206,0.0
2021-03-19,13611,13720,13564,13643,13643,430946,0.0
2021-03-22,13643,13666,13485,13550,13550,427050,0.0
2021-03-23,13643,13656,13333,13333,13333,553064,0.0
2021-03-24,13254,13341,13189,13337,13337,394410,0.0
2021-03-25,13309,13376,13222,13301,13301,373781,0.0
2021-03-26,13337,13389,13240,13389,13389,290682,0.0
2021-03-29,13481,13490,13301,13323,13323,232344,0.0
2021-03-30,13341,13536,13328,13508,13508,295731,0.0
2021-03-31,13578,13616,13431,13431,13431,320002,0.0
2021-04-01,13591,13656,13545,13656,13656,339747,0.0
2021-04-02,13715,13898,13715,13869,13869,808133,0.0
2021-04-05,13917,13925,13766,13840,13840,368443,0.0
2021-04-06,13935,13967,13812,13917,13917,395703,0.0
2021-04-07,13925,13977,13835,13917,13917,386628,0.0
2021-04-08,13917,13958,13832,13958,13958,308095,0.0
2021-04-09,13963,14003,13822,13860,13860,468788,0.0
2021-04-12,13948,13948,13728,13776,13776,475253,0.0
2021-04-13,13776,14014,13756,13981,13981,602717,0.0
2021-04-14,14032,14098,13994,14079,14079,632538,0.0
2021-04-15,14098,14177,14060,14126,14126,765445,0.0
2021-04-16,14155,14181,14060,14111,14111,350332,0.0
2021-04-19,14111,14131,14014,14037,14037,446882,0.0
2021-04-20,14011,14055,13981,14055,14055,439244,0.0
2021-04-21,13986,13986,13702,13720,13720,984577,0.0
2021-04-22,13776,13802,13684,13684,13684,471641,0.0
2021-04-23,13606,13715,13481,13715,13715,513512,0.0
2021-04-26,13675,13702,13578,13702,13702,391579,0.0
2021-04-27,13707,13766,13661,13728,13728,274138,0.0
2021-04-28,13732,13732,13504,13536,13536,477761,0.0
2021-04-29,13607,13634,13457,13517,13517,337923,0.0
2021-04-30,13500,13500,13242,13316,13316,568783,0.0
2021-05-03,13311,13480,13227,13307,13307,308736,0.0
2021-05-04,13294,13480,13200,13480,13480,323741,0.0
2021-05-06,13369,13393,13274,13369,13369,407937,0.0
2021-05-07,13354,13466,13311,13402,13402,231274,0.0
2021-05-10,13500,13612,13421,13583,13583,324233,0.0
2021-05-11,13443,13470,13186,13246,13246,565372,0.0
2021-05-12,13227,13246,12922,12989,12989,653020,0.0
2021-05-13,12725,12862,12696,12775,12775,752955,0.0
2021-05-14,12838,12976,12824,12941,12941,373796,0.0
2021-05-17,13023,13058,12819,12894,12894,319216,0.0
2021-05-18,12912,13085,12876,13058,13058,280765,0.0
2021-05-20,13053,13160,13028,13108,13108,191887,0.0
2021-05-21,13214,13354,13155,13251,13251,517861,0.0
2021-05-24,13186,13219,13058,13103,13103,227369,0.0
2021-05-25,13150,13219,13108,13219,13219,216651,0.0
2021-05-26,13232,13251,13117,13164,13164,268238,0.0
2021-05-27,13147,13186,12964,13147,13147,312357,0.0
2021-05-28,13174,13279,13137,13232,13232,243097,0.0
2021-05-31,13251,13294,13182,13294,13294,241425,0.0
2021-06-01,13294,13425,13260,13369,13369,357042,0.0
2021-06-02,13407,13443,13256,13256,13256,221186,0.0
2021-06-03,13294,13490,13294,13443,13443,311170,0.0
2021-06-04,13340,13388,13246,13379,13379,282513,0.0
2021-06-07,13466,13526,13340,13421,13421,264820,0.0
2021-06-08,13402,13457,13340,13388,13388,242279,0.0
2021-06-09,13374,13379,13237,13237,13237,256167,0.0
2021-06-10,13274,13379,13260,13354,13354,188068,0.0
2021-06-11,13416,13545,13416,13526,13526,354872,0.0
2021-06-14,13550,13629,13513,13629,13629,507876,0.0
2021-06-15,13657,13700,13602,13685,13685,448323,0.0
2021-06-16,13685,13726,13629,13709,13709,408908,0.0
2021-06-17,13652,13709,13588,13681,13681,223631,0.0
2021-06-18,13726,13834,13722,13768,13768,588047,0.0
2021-06-21,13652,13749,13602,13722,13722,393906,0.0
2021-06-22,13758,13815,13734,13786,13786,311866,0.0
2021-06-23,13843,14065,13838,14042,14042,1531818,0.0
2021-06-24,14079,14182,13976,14002,14002,995441,0.0
2021-06-25,14083,14098,13962,14023,14023,329208,0.0
2021-06-28,14023,14023,13906,13962,13962,305931,0.0
2021-06-29,13985,14019,13901,13966,13966,418368,0.0
2021-06-30,14006,14147,14006,14107,14107,579775,0.0
2021-07-01,14093,14093,13997,14028,14028,314557,0.0
2021-07-02,14006,14028,13962,13985,13985,190205,0.0
2021-07-05,14002,14047,13966,13997,13997,276200,0.0
2021-07-06,14014,14075,14006,14042,14042,264730,0.0
2021-07-07,14079,14079,14006,14060,14060,241824,0.0
2021-07-08,14070,14127,13966,13985,13985,350112,0.0
2021-07-09,13877,13877,13662,13810,13810,526448,0.0
2021-07-12,13877,13929,13848,13906,13906,294748,0.0
2021-07-13,13957,14051,13939,14051,14051,346189,0.0
2021-07-14,14023,14055,13976,14055,14055,302060,0.0
2021-07-15,14055,14088,13980,14083,14083,322357,0.0
2021-07-16,14028,14028,13939,14006,14006,260358,0.0
2021-07-19,13838,13872,13786,13825,13825,292022,0.0
2021-07-20,13700,13791,13690,13791,13791,372578,0.0
2021-07-21,13882,13897,13597,13629,13629,433244,0.0
2021-07-22,13676,13830,13671,13830,13830,314751,0.0
2021-07-23,13862,13920,13796,13853,13853,195923,0.0
2021-07-26,13939,13952,13739,13777,13777,182323,0.0
2021-07-27,13825,13887,13791,13791,13791,211265,0.0
2021-07-28,13726,13791,13652,13730,13730,304674,0.0
2021-07-29,13773,13810,13700,13730,13730,148356,0.0
2021-07-30,13730,13730,13578,13597,13597,326793,0.0
2021-08-02,13629,13749,13574,13749,13749,286876,0.0
2021-08-03,13763,13815,13722,13815,13815,190119,0.0
2021-08-04,13877,14028,13830,13993,13993,425665,0.0
2021-08-05,14019,14079,13966,14028,14028,530787,0.0
2021-08-06,14032,14032,13897,13939,13939,200908,0.0
2021-08-09,13892,13929,13820,13920,13920,240185,0.0
2021-08-10,13924,13939,13753,13825,13825,188503,0.0
2021-08-11,13753,13763,13621,13662,13662,338892,0.0
2021-08-12,13634,13662,13541,13592,13592,371614,0.0
2021-08-13,13560,13560,13364,13466,13466,389141,0.0
2021-08-17,13407,13462,13224,13274,13274,306926,0.0
2021-08-18,13274,13416,13191,13374,13374,193799,0.0
2021-08-19,13294,13369,13164,13196,13196,259170,0.0
2021-08-20,13242,13256,12999,13075,13075,227377,0.0
2021-08-23,13117,13224,13043,13160,13160,165525,0.0
2021-08-24,13227,13340,13186,13299,13299,219071,0.0
2021-08-25,13331,13388,13200,13321,13321,130976,0.0
2021-08-26,13340,13379,13164,13209,13209,145336,0.0
2021-08-27,13122,13196,13038,13174,13174,107635,0.0
2021-08-30,13331,13336,13182,13209,13209,157146,0.0
2021-08-31,13242,13495,13178,13495,13495,265190,0.0
2021-09-01,13495,13574,13425,13513,13513,293597,0.0
2021-09-02,13504,13526,13321,13374,13374,183944,0.0
2021-09-03,13416,13500,13374,13475,13475,114384,0.0
2021-09-06,13500,13536,13452,13526,13526,174431,0.0
2021-09-07,13550,13550,13425,13475,13475,112000,0.0
2021-09-08,13388,13388,13142,13219,13219,559122,0.0
2021-09-09,13075,13103,12867,12894,12894,527965,0.0
2021-09-10,12880,12994,12843,12936,12936,341346,0.0
2021-09-13,12862,12971,12789,12917,12917,180855,0.0
2021-09-14,12950,13018,12867,12960,12960,262149,0.0
2021-09-15,12941,12981,12880,12950,12950,183847,0.0
2021-09-16,12964,12964,12758,12794,12794,511171,0.0
2021-09-17,12794,12880,12725,12880,12880,485772,0.0
2021-09-23,12799,12894,12775,12894,12894,429486,0.0
2021-09-24,12932,12941,12829,12872,12872,456346,0.0
2021-09-27,12872,12917,12819,12880,12880,599535,0.0
2021-09-28,12872,12872,12628,12661,12661,457182,0.0
2021-09-29,12386,12535,12340,12474,12474,1069284,0.0
2021-09-30,12419,12583,12354,12568,12568,362864,0.0
2021-10-01,12460,12512,12278,12307,12307,414744,0.0
2021-10-05,12157,12157,11878,11944,11944,695546,0.0
2021-10-06,12009,12132,11845,11849,11849,398787,0.0
2021-10-07,11936,12054,11917,12019,12019,267572,0.0
2021-10-08,12142,12176,12036,12108,12108,289494,0.0
2021-10-12,12024,12064,11802,11859,11859,404481,0.0
2021-10-13,11841,12036,11812,11985,11985,241654,0.0
2021-10-14,12103,12260,12098,12260,12260,224763,0.0
2021-10-15,12345,12396,12292,12367,12367,230520,0.0
2021-10-18,12409,12409,12237,12311,12311,198073,0.0
2021-10-19,12377,12474,12354,12455,12455,236696,0.0
2021-10-20,12549,12596,12465,12474,12474,209833,0.0
2021-10-21,12460,12479,12354,12367,12367,239383,0.0
2021-10-22,12340,12469,12316,12414,12414,284905,0.0
2021-10-25,12396,12488,12292,12429,12429,235901,0.0
2021-10-26,12539,12661,12530,12633,12633,291772,0.0
2021-10-27,12661,12661,12539,12609,12609,228038,0.0
2021-10-28,12609,12763,12583,12686,12686,428709,0.0
2021-10-29,12716,12745,12419,12446,12446,350940,0.0
2021-11-01,12479,12539,12434,12460,12460,340708,0.0
2021-11-02,12539,12740,12539,12628,12628,242796,0.0
2021-11-03,12673,12673,12391,12429,12429,286284,0.0
2021-11-04,12558,12678,12549,12601,12601,245938,0.0
2021-11-05,12696,12720,12483,12592,12592,293498,0.0
2021-11-08,12588,12588,12362,12493,12493,294065,0.0
2021-11-09,12493,12601,12455,12544,12544,423638,0.0
2021-11-10,12502,12554,12409,12474,12474,161694,0.0
2021-11-11,12345,12419,12311,12419,12419,195499,0.0
2021-11-12,12521,12578,12474,12516,12516,297409,0.0
2021-11-15,12637,12745,12601,12716,12716,275776,0.0
2021-11-16,12716,12750,12637,12661,12661,212984,0.0
2021-11-17,12682,12691,12488,12521,12521,162371,0.0
2021-11-18,12521,12563,12446,12507,12507,188071,0.0
2021-11-19,12507,12601,12507,12596,12596,215839,0.0
2021-11-22,12696,12989,12686,12968,12968,565459,0.0
2021-11-23,12964,12964,12758,12779,12779,274838,0.0
2021-11-24,12833,12862,12652,12725,12725,256780,0.0
2021-11-25,12754,12768,12605,12647,12647,137333,0.0
2021-11-26,12596,12647,12396,12502,12502,235603,0.0
2021-11-29,12250,12451,12250,12386,12386,221514,0.0
2021-11-30,12469,12493,12044,12147,12147,376105,0.0
2021-12-01,12199,12483,12147,12474,12474,283694,0.0
2021-12-02,12354,12628,12354,12628,12628,459095,0.0
2021-12-03,12592,12665,12455,12642,12642,232586,0.0
2021-12-06,12530,12642,12451,12633,12633,174025,0.0
2021-12-07,12633,12678,12535,12657,12657,216533,0.0
2021-12-08,12789,12904,12735,12735,12735,280739,0.0
2021-12-09,12771,12872,12750,12872,12872,227277,0.0
2021-12-10,12735,12775,12701,12754,12754,198474,0.0
2021-12-13,12794,12922,12716,12725,12725,224915,0.0
2021-12-14,12633,12665,12558,12614,12614,139508,0.0
2021-12-15,12544,12633,12521,12633,12633,133173,0.0
2021-12-16,12754,12789,12628,12686,12686,142817,0.0
2021-12-17,12539,12657,12539,12628,12628,146464,0.0
2021-12-20,12588,12588,12325,12335,12335,242140,0.0
2021-12-21,12409,12465,12345,12446,12446,163528,0.0
2021-12-22,12507,12573,12446,12465,12465,254738,0.0
2021-12-23,12535,12558,12483,12535,12535,90050,0.0
2021-12-24,12568,12716,12568,12665,12665,192233,0.0
2021-12-27,12665,12665,12568,12592,12592,157852,0.0
2021-12-28,12592,12665,12512,12652,12652,239124,0.0
2021-12-29,12740,12771,12633,12642,12642,308860,0.0
2021-12-30,12686,12740,12583,12583,12583,235868,0.0
2022-01-03,12696,12758,12568,12568,12568,192764,0.0
2022-01-04,12609,12647,12535,12583,12583,226968,0.0
2022-01-05,12583,12583,12287,12419,12419,437088,0.0
2022-01-06,12265,12358,12217,12270,12270,382844,0.0
2022-01-07,12321,12437,12321,12381,12381,173202,0.0
2022-01-10,12381,12381,12147,12260,12260,248847,0.0
2022-01-11,12302,12434,12302,12414,12414,152878,0.0
2022-01-12,12512,12647,12512,12642,12642,169083,0.0
2022-01-13,12661,12661,12539,12563,12563,74978,0.0
2022-01-14,12460,12460,12260,12330,12330,163272,0.0
2022-01-17,12283,12307,12120,12222,12222,215314,0.0
2022-01-18,12245,12278,12123,12152,12152,119068,0.0
2022-01-19,12036,12147,11976,12054,12054,212071,0.0
2022-01-20,11980,12137,11921,12137,12137,190065,0.0
2022-01-21,12019,12036,11873,11953,11953,297979,0.0
2022-01-24,11887,11931,11766,11849,11849,226465,0.0
2022-01-25,11795,11802,11457,11562,11562,481584,0.0
2022-01-26,11583,11625,11483,11542,11542,532121,0.0
2022-01-27,11500,11557,11090,11119,11119,409272,0.0
2022-01-28,11129,11461,11095,11447,11447,386132,0.0
2022-02-03,11716,11771,11621,11630,11630,265092,0.0
2022-02-04,11654,11762,11616,11711,11711,240145,0.0
2022-02-07,11698,11698,11418,11542,11542,171550,0.0
2022-02-08,11583,11630,11432,11520,11520,135381,0.0
2022-02-09,11606,11644,11570,11635,11635,100941,0.0
2022-02-10,11730,11859,11721,11854,11854,202460,0.0
2022-02-11,11707,11854,11693,11790,11790,282621,0.0
2022-02-14,11654,11707,11520,11593,11593,191481,0.0
2022-02-15,11606,11640,11461,11515,11515,286110,0.0
2022-02-16,11730,11762,11683,11735,11735,118753,0.0
2022-02-17,11781,11897,11683,11831,11831,364530,0.0
2022-02-18,11688,11740,11611,11711,11711,275518,0.0
2022-02-21,11510,11698,11428,11693,11693,298621,0.0
2022-02-22,11452,11534,11423,11520,11520,215356,0.0
2022-02-23,11570,11611,11428,11500,11500,235447,0.0
2022-02-24,11327,11327,11053,11081,11081,578791,0.0
2022-02-25,11250,11286,11148,11241,11241,381905,0.0
2022-02-28,11148,11323,11104,11323,11323,384908,0.0
2022-03-02,11313,11323,11202,11260,11260,174011,0.0
2022-03-03,11380,11524,11380,11524,11524,149646,0.0
2022-03-04,11432,11437,11216,11231,11231,246640,0.0
2022-03-07,10962,10988,10850,10906,10906,346565,0.0
2022-03-08,10682,10891,10672,10799,10799,345270,0.0
2022-03-10,11016,11129,11011,11104,11104,306368,0.0
2022-03-11,11058,11058,10872,10952,10952,356423,0.0
2022-03-14,10937,10984,10882,10970,10970,292581,0.0
2022-03-15,10891,10932,10817,10845,10845,202001,0.0
2022-03-16,11011,11025,10877,11025,11025,193561,0.0
2022-03-17,11255,11423,11255,11352,11352,545419,0.0
2022-03-18,11377,11385,11279,11377,11377,151296,0.0
2022-03-21,11385,11413,11179,11212,11212,229904,0.0
2022-03-22,11179,11274,11167,11274,11274,259064,0.0
2022-03-23,11357,11413,11303,11372,11372,2500638,0.0
2022-03-24,11282,11323,11207,11323,11323,123282,0.0
2022-03-25,11404,11404,11226,11291,11291,2918650,0.0
2022-03-28,11189,11255,11095,11231,11231,2948211,0.0
2022-03-29,11313,11352,11250,11299,11299,3001800,0.0
2022-03-30,11471,11495,11413,11447,11447,261895,0.0
2022-03-31,11418,11486,11385,11479,11479,160515,0.0
2022-04-01,11408,11408,11303,11327,11327,169646,0.0
2022-04-04,11274,11367,11198,11367,11367,274109,0.0
2022-04-05,11432,11457,11367,11432,11432,299645,0.0
2022-04-06,11291,11323,11250,11279,11279,221650,0.0
2022-04-07,11175,11175,11048,11104,11104,228754,0.0
2022-04-08,11099,11138,10966,11048,11048,161029,0.0
2022-04-11,10974,11044,10923,10998,10998,276147,0.0
2022-04-12,10867,10947,10836,10891,10891,252336,0.0
2022-04-13,10915,11086,10915,11086,11086,202911,0.0
2022-04-14,11095,11095,10970,11016,11016,168647,0.0
2022-04-15,10911,10920,10812,10857,10857,262353,0.0
2022-04-18,10807,10877,10775,10862,10862,210358,0.0
2022-04-19,10947,11025,10928,10988,10988,279122,0.0
2022-04-20,10993,11058,10937,11048,11048,303459,0.0
2022-04-21,11048,11090,11016,11040,11040,509450,0.0
2022-04-22,10911,10911,10836,10867,10867,432516,0.0
2022-04-25,10761,10789,10657,10705,10705,414965,0.0
2022-04-26,10751,10836,10751,10803,10803,422155,0.0
2022-04-27,10578,10647,10578,10640,10640,404096,0.0
2022-04-28,10763,10777,10653,10777,10777,303936,0.0
2022-04-29,10801,10998,10786,10998,10998,412001,0.0
2022-05-02,10848,10927,10819,10914,10914,422938,0.0
2022-05-03,10905,10988,10860,10919,10919,420855,0.0
2022-05-04,10965,11011,10855,10900,10900,690482,0.0
2022-05-06,10768,10768,10701,10745,10745,441562,0.0
2022-05-09,10692,10758,10626,10640,10640,659271,0.0
2022-05-10,10518,10658,10446,10648,10648,811573,0.0
2022-05-11,10621,10740,10573,10716,10716,1002925,0.0
2022-05-12,10582,10631,10460,10469,10469,1006514,0.0
2022-05-13,10473,10692,10473,10673,10673,1049602,0.0
2022-05-16,10791,10824,10612,10631,10631,1355831,0.0
2022-05-17,10643,10745,10631,10721,10721,348612,0.0
2022-05-18,10848,10885,10740,10777,10777,499233,0.0
2022-05-19,10527,10635,10523,10607,10607,637539,0.0
2022-05-20,10648,10829,10648,10829,10829,394986,0.0
2022-05-23,10875,10895,10786,10865,10865,234058,0.0
2022-05-24,10781,10796,10592,10607,10607,526380,0.0
2022-05-25,10653,10673,10535,10626,10626,372252,0.0
2022-05-26,10640,10706,10451,10503,10503,714300,0.0
2022-05-27,10616,10692,10612,10635,10635,373182,0.0
2022-05-30,10777,10801,10688,10801,10801,230843,0.0
2022-05-31,10781,10927,10701,10927,10927,377030,0.0
2022-06-02,10815,10848,10740,10791,10791,323481,0.0
2022-06-03,10895,10905,10805,10805,10805,270769,0.0
2022-06-07,10730,10730,10493,10527,10527,346395,0.0
2022-06-08,10544,10653,10544,10578,10578,416725,0.0
2022-06-09,10559,10597,10498,10597,10597,186381,0.0
2022-06-10,10460,10483,10390,10446,10446,237912,0.0
2022-06-13,10189,10225,10046,10051,10051,321078,0.0
2022-06-14,9855,10016,9826,10002,10002,441086,0.0
2022-06-15,9975,9979,9785,9979,9979,226420,0.0
2022-06-16,10002,10102,9841,9850,9850,277666,0.0
2022-06-17,9654,9790,9630,9775,9775,292451,0.0
2022-06-20,9817,9817,9538,9687,9687,264423,0.0
2022-06-21,9678,9760,9615,9697,9697,154332,0.0
2022-06-22,9726,9726,9439,9439,9439,254529,0.0
2022-06-23,9424,9523,9336,9376,9376,365580,0.0
2022-06-24,9376,9605,9376,9583,9583,195116,0.0
2022-06-27,9673,9850,9610,9770,9770,328946,0.0
2022-06-28,9775,9892,9701,9892,9892,246234,0.0
2022-06-29,9716,9726,9592,9625,9625,190702,0.0
2022-06-30,9492,9576,9449,9477,9477,161033,0.0
2022-07-01,9459,9519,9232,9287,9287,454359,0.0
2022-07-04,9292,9345,9181,9292,9292,197365,0.0
2022-07-05,9371,9533,9359,9496,9496,367135,0.0
2022-07-06,9459,9492,9336,9349,9349,422022,0.0
2022-07-07,9396,9583,9396,9523,9523,538541,0.0
2022-07-08,9644,9706,9587,9615,9615,430749,0.0
2022-07-11,9649,9663,9528,9543,9543,254098,0.0
2022-07-12,9487,9487,9376,9454,9454,373777,0.0
2022-07-13,9473,9580,9473,9505,9505,349898,0.0
2022-07-14,9439,9567,9411,9487,9487,171809,0.0
2022-07-15,9528,9605,9406,9605,9605,240318,0.0
2022-07-18,9711,9865,9711,9860,9860,280583,0.0
2022-07-19,9822,9836,9745,9807,9807,201052,0.0
2022-07-20,10041,10070,9923,9952,9952,440661,0.0
2022-07-21,9992,10092,9952,10092,10092,222764,0.0
2022-07-22,10065,10107,9961,9987,9987,503239,0.0
2022-07-25,9947,10065,9947,10002,10002,303423,0.0
2022-07-26,9966,10031,9909,10031,10031,192712,0.0
2022-07-27,10016,10041,9904,9979,9979,388715,0.0
2022-07-28,10112,10127,10022,10127,10127,316732,0.0
2022-07-29,10180,10217,10061,10122,10122,214535,0.0
2022-08-01,10075,10141,10022,10098,10098,220259,0.0
2022-08-02,10122,10122,10022,10052,10052,182313,0.0
2022-08-03,10052,10170,10007,10170,10170,292943,0.0
2022-08-04,10269,10294,10213,10274,10274,264759,0.0
2022-08-05,10325,10359,10294,10335,10335,307968,0.0
2022-08-08,10259,10269,10213,10259,10259,168945,0.0
2022-08-09,10274,10318,10204,10303,10303,158263,0.0
2022-08-10,10194,10208,10098,10146,10146,220460,0.0
2022-08-11,10264,10313,10213,10264,10264,170901,0.0
2022-08-12,10255,10313,10245,10303,10303,263462,0.0
2022-08-16,10397,10416,10322,10373,10373,284960,0.0
2022-08-17,10359,10359,10236,10255,10255,229479,0.0
2022-08-18,10180,10217,10098,10190,10190,227635,0.0
2022-08-19,10199,10204,10112,10112,10112,266800,0.0
2022-08-22,10032,10042,9943,9998,9998,226934,0.0
2022-08-23,9952,9971,9841,9875,9875,232952,0.0
2022-08-24,9899,9923,9826,9875,9875,203244,0.0
2022-08-25,9928,9975,9860,9975,9975,150986,0.0
2022-08-26,10002,10080,9966,9971,9971,164774,0.0
2022-08-29,9697,9760,9683,9731,9731,442060,0.0
2022-08-30,9745,9860,9745,9831,9831,216243,0.0
2022-08-31,9745,10052,9736,10052,10052,154452,0.0
2022-09-01,9875,9875,9731,9785,9785,216796,0.0
2022-09-02,9822,9845,9668,9687,9687,300889,0.0
2022-09-05,9687,9770,9644,9697,9697,347511,0.0
2022-09-06,9697,9755,9659,9692,9692,244560,0.0
2022-09-07,9640,9640,9522,9587,9587,239779,0.0
2022-09-08,9635,9668,9597,9615,9615,102644,0.0
2022-09-13,9793,9983,9770,9975,9975,191902,0.0
2022-09-14,9668,9850,9663,9831,9831,197140,0.0
2022-09-15,9870,9875,9736,9750,9750,194309,0.0
2022-09-16,9678,9697,9635,9663,9663,187971,0.0
2022-09-19,9692,9731,9615,9659,9659,214902,0.0
2022-09-20,9678,9716,9597,9625,9625,143373,0.0
2022-09-21,9552,9552,9463,9513,9513,144474,0.0
2022-09-22,9370,9405,9335,9395,9395,417218,0.0
2022-09-23,9366,9385,9267,9301,9301,238408,0.0
2022-09-26,9154,9154,9023,9059,9059,353007,0.0
2022-09-27,9044,9059,8909,9032,9032,301264,0.0
2022-09-28,8978,8978,8725,8806,8806,432641,0.0
2022-09-29,8947,8969,8806,8834,8834,122739,0.0
2022-09-30,8711,8839,8639,8783,8783,265295,0.0
2022-10-04,8933,8938,8867,8889,8889,330752,0.0
2022-10-05,9074,9084,8867,8942,8942,267251,0.0
2022-10-06,8983,9098,8960,9037,9037,376199,0.0
2022-10-07,8951,9037,8899,8974,8974,182643,0.0
2022-10-11,8791,8875,8711,8875,8875,315242,0.0
2022-10-12,8879,8983,8853,8983,8983,278140,0.0
2022-10-13,8933,8955,8871,8871,8871,99376,0.0
2022-10-14,9044,9079,8988,9032,9032,224639,0.0
2022-10-17,8919,9044,8899,9041,9041,232387,0.0
2022-10-18,9145,9154,9028,9136,9136,318275,0.0
2022-10-19,9117,9164,9032,9044,9044,150294,0.0
2022-10-20,8955,8960,8788,8894,8894,230730,0.0
2022-10-21,8848,9003,8848,8960,8960,126698,0.0
2022-10-24,9064,9112,8983,9023,9023,125003,0.0
2022-10-25,9023,9103,8993,9059,9059,187986,0.0
2022-10-26,9093,9164,9041,9108,9108,163351,0.0
2022-10-27,9150,9258,9126,9217,9217,178474,0.0
2022-10-28,9117,9193,9054,9074,9074,223792,0.0
2022-10-31,9213,9282,9126,9282,9282,2835066,0.0
2022-11-01,9282,9411,9232,9401,9401,196313,0.0
2022-11-02,9396,9416,9326,9354,9354,186331,0.0
2022-11-03,9193,9322,9140,9282,9282,108107,0.0
2022-11-04,9249,9331,9198,9326,9326,153384,0.0
2022-11-07,9416,9469,9406,9469,9469,178067,0.0
2022-11-08,9510,9594,9473,9567,9567,367280,0.0
2022-11-09,9599,9708,9571,9703,9703,7711658,0.0
2022-11-10,9617,9670,9505,9505,9505,170962,0.0
2022-11-11,9986,10005,9889,9996,9996,340359,0.0
2022-11-14,10005,10059,9901,9906,9906,201590,0.0
2022-11-15,9930,9930,9804,9897,9897,127359,0.0
2022-11-16,9889,9889,9723,9852,9852,219098,0.0
2022-11-17,9747,9747,9642,9651,9651,154833,0.0
2022-11-18,9661,9787,9632,9651,9651,130051,0.0
2022-11-21,9651,9651,9482,9553,9553,163691,0.0
2022-11-22,9496,9567,9424,9444,9444,160851,0.0
2022-11-23,9538,9580,9492,9510,9510,201978,0.0
2022-11-24,9651,9698,9603,9689,9689,131769,0.0
2022-11-25,9680,9694,9622,9632,9632,148497,0.0
2022-11-28,9576,9576,9454,9510,9510,147758,0.0
2022-11-29,9464,9599,9454,9599,9599,58239,0.0
2022-11-30,9580,9847,9543,9847,9847,198702,0.0
2022-12-01,9964,9964,9791,9809,9809,204124,0.0
2022-12-02,9762,9762,9589,9589,9589,202048,0.0
2022-12-05,9607,9632,9501,9510,9510,183356,0.0
2022-12-06,9429,9477,9366,9366,9366,240563,0.0
2022-12-07,9340,9396,9326,9331,9331,160230,0.0
2022-12-08,9331,9349,9241,9241,9241,61515,0.0
2022-12-09,9312,9391,9302,9345,9345,156259,0.0
2022-12-12,9236,9340,9232,9302,9302,169250,0.0
2022-12-13,9336,9371,9227,9272,9272,150949,0.0
2022-12-14,9277,9411,9272,9386,9386,94047,0.0
2022-12-15,9317,9359,9227,9227,9227,139271,0.0
2022-12-16,9059,9174,9059,9169,9169,93772,0.0
2022-12-19,9121,9193,9093,9145,9145,95850,0.0
2022-12-20,9103,9131,9008,9064,9064,67308,0.0
2022-12-21,9103,9103,8974,8978,8978,206714,0.0
2022-12-22,8993,9103,8993,9103,9103,83644,0.0
2022-12-23,9032,9032,8884,8904,8904,126434,0.0
2022-12-26,8904,8938,8858,8928,8928,56686,0.0
2022-12-27,8964,9023,8904,8938,8938,106449,0.0
2022-12-28,8951,8951,8787,8819,8819,94459,0.0
2022-12-29,8819,8819,8685,8714,8714,164593,0.0
2023-01-02,8714,8853,8714,8772,8772,197078,0.0
2023-01-03,8795,8810,8610,8772,8772,212931,0.0
2023-01-04,8772,9028,8714,8978,8978,194775,0.0
2023-01-05,9032,9093,8938,8978,8978,128809,0.0
2023-01-06,8974,9108,8947,9044,9044,188529,0.0
2023-01-09,9159,9391,9145,9381,9381,203652,0.0
2023-01-10,9459,9501,9366,9406,9406,163042,0.0
2023-01-11,9477,9538,9439,9496,9496,132029,0.0
2023-01-12,9538,9580,9439,9505,9505,125184,0.0
2023-01-13,9505,9617,9505,9543,9543,193133,0.0
2023-01-16,9543,9603,9514,9562,9562,120724,0.0
2023-01-17,9580,9580,9391,9434,9434,116998,0.0
2023-01-18,9464,9469,9322,9371,9371,116577,0.0
2023-01-19,9359,9406,9312,9406,9406,62997,0.0
2023-01-20,9406,9510,9406,9510,9510,91129,0.0
2023-01-25,9594,9800,9594,9800,9800,202372,0.0
2023-01-26,9800,10025,9752,10025,10025,223063,0.0
2023-01-27,10040,10149,10005,10073,10073,162109,0.0
2023-01-30,10125,10154,9949,9974,9974,161175,0.0
2023-01-31,9974,9974,9787,9814,9814,123738,0.0
2023-02-01,9930,9996,9887,9991,9991,136538,0.0
2023-02-02,10193,10211,10059,10159,10159,135039,0.0
2023-02-03,10096,10234,10096,10211,10211,93887,0.0
2023-02-06,10224,10224,10010,10010,10010,152988,0.0
2023-02-07,9935,10130,9935,10106,10106,88109,0.0
2023-02-08,10159,10339,10159,10339,10339,222931,0.0
2023-02-09,10301,10358,10202,10334,10334,110905,0.0
2023-02-10,10334,10334,10173,10277,10277,61145,0.0
2023-02-13,10301,10301,10078,10135,10135,227337,0.0
2023-02-14,10154,10292,10154,10219,10219,79225,0.0
2023-02-15,10267,10272,10050,10086,10086,117797,0.0
2023-02-16,10211,10344,10125,10316,10316,94284,0.0
2023-02-17,10219,10267,10110,10135,10135,80570,0.0
2023-02-20,10050,10154,10001,10106,10106,57809,0.0
2023-02-21,10059,10110,10005,10064,10064,40524,0.0
2023-02-22,9944,9981,9852,9877,9877,61969,0.0
2023-02-23,9901,10030,9877,9964,9964,146590,0.0
2023-02-24,9887,10059,9877,9897,9897,68467,0.0
2023-02-27,9852,9852,9718,9823,9823,118384,0.0
2023-02-28,9842,9954,9842,9901,9901,63291,0.0
2023-03-02,9911,9974,9819,9906,9906,101249,0.0
2023-03-03,9991,9991,9889,9969,9969,44879,0.0
2023-03-06,9986,10234,9969,10234,10234,146238,0.0
2023-03-07,10202,10306,10178,10211,10211,48922,0.0
2023-03-08,10055,10188,9991,10010,10010,94700,0.0
2023-03-09,10086,10086,9916,9940,9940,47201,0.0
2023-03-10,9862,9862,9772,9852,9852,110477,0.0
2023-03-13,9847,9974,9767,9949,9949,97335,0.0
2023-03-14,9889,9889,9694,9703,9703,262548,0.0
2023-03-15,9809,9901,9757,9814,9814,81624,0.0
2023-03-16,9738,9862,9665,9823,9823,79040,0.0
2023-03-17,9935,9974,9838,9935,9935,62986,0.0
2023-03-20,9867,9954,9833,9857,9857,51711,0.0
2023-03-21,9857,9930,9809,9842,9842,46020,0.0
2023-03-22,9935,10078,9911,10069,10069,77124,0.0
2023-03-23,10035,10130,9954,10130,10130,95174,0.0
2023-03-24,10125,10164,9981,10030,10030,368609,0.0
2023-03-27,10010,10078,9935,10005,10005,73490,0.0
2023-03-28,10025,10050,9974,10045,10045,61927,0.0
2023-03-29,10040,10081,10020,10069,10069,46041,0.0
2023-03-30,10149,10193,10081,10110,10110,174890,0.0
2023-03-31,10149,10262,10144,10262,10262,279027,0.0
2023-04-03,10287,10311,10154,10197,10197,88795,0.0
2023-04-04,10224,10243,10125,10183,10183,95012,0.0
2023-04-05,10183,10311,10164,10301,10301,88932,0.0
2023-04-06,10272,10272,10078,10101,10101,78899,0.0
2023-04-07,10173,10282,10173,10262,10262,126901,0.0
2023-04-10,10262,10452,10243,10430,10430,318927,0.0
2023-04-11,10430,10718,10430,10689,10689,509819,0.0
2023-04-12,10774,10774,10569,10654,10654,205403,0.0
2023-04-13,10550,10689,10545,10669,10669,147506,0.0
2023-04-14,10713,10760,10588,10649,10649,113094,0.0
2023-04-17,10669,10669,10536,10593,10593,89337,0.0
2023-04-18,10593,10598,10494,10579,10579,92397,0.0
2023-04-19,10579,10579,10461,10514,10514,243637,0.0
2023-04-20,10410,10514,10410,10466,10466,83621,0.0
2023-04-21,10396,10474,10376,10405,10405,82789,0.0
2023-04-24,10334,10405,10311,10358,10358,67193,0.0
2023-04-25,10358,10396,10078,10206,10206,137222,0.0
2023-04-26,10164,10306,10135,10258,10258,74945,0.0
2023-04-27,10229,10340,10188,10340,10340,52831,0.0
2023-04-28,10355,10422,10288,10355,10355,90538,0.0
2023-05-02,10355,10450,10355,10440,10440,40950,0.0
2023-05-03,10397,10417,10288,10307,10307,91952,0.0
2023-05-04,10307,10307,10211,10297,10297,94626,0.0
2023-05-08,10388,10417,10364,10393,10393,63515,0.0
2023-05-09,10393,10417,10325,10374,10374,58141,0.0
2023-05-10,10374,10402,10325,10369,10369,37832,0.0
2023-05-11,10397,10407,10283,10288,10288,99492,0.0
2023-05-12,10288,10325,10238,10278,10278,78007,0.0
2023-05-15,10193,10312,10153,10312,10312,65832,0.0
2023-05-16,10340,10407,10302,10330,10330,48288,0.0
2023-05-17,10330,10482,10330,10482,10482,71399,0.0
2023-05-18,10534,10559,10492,10559,10559,82324,0.0
2023-05-19,10592,10723,10573,10723,10723,139772,0.0
2023-05-22,10790,10814,10664,10775,10775,122476,0.0
2023-05-23,10814,10848,10756,10819,10819,91485,0.0
2023-05-24,10819,10819,10723,10751,10751,57141,0.0
2023-05-25,10848,10870,10756,10829,10829,132646,0.0
2023-05-26,10880,10937,10839,10905,10905,236326,0.0
2023-05-30,10947,11085,10915,11032,11032,141472,0.0
2023-05-31,10985,11051,10947,10966,10966,75218,0.0
2023-06-01,10920,10957,10860,10937,10937,95373,0.0
2023-06-02,10932,11041,10932,11041,11041,100725,0.0
2023-06-05,11114,11114,11009,11046,11046,88570,0.0
2023-06-07,11066,11099,10999,11018,11018,100703,0.0
2023-06-08,10994,10994,10880,10947,10947,69112,0.0
2023-06-09,11037,11159,10947,11154,11154,144577,0.0
2023-06-12,11154,11205,11056,11119,11119,87525,0.0
2023-06-13,11225,11230,11139,11205,11205,125495,0.0
2023-06-14,11215,11225,11109,11149,11149,144234,0.0
2023-06-15,11149,11215,11041,11124,11124,80547,0.0
2023-06-16,11139,11181,11070,11149,11149,128741,0.0
2023-06-19,11149,11149,10989,11041,11041,62021,0.0
2023-06-20,11022,11022,10900,10994,10994,69890,0.0
2023-06-21,11027,11027,10880,10900,10900,73764,0.0
2023-06-22,10900,10952,10843,10952,10952,53835,0.0
2023-06-23,10952,10971,10865,10900,10900,59411,0.0
2023-06-26,10875,10966,10848,10957,10957,105493,0.0
2023-06-27,10957,10957,10851,10895,10895,115501,0.0
2023-06-28,10900,10937,10771,10814,10814,62323,0.0
2023-06-29,10814,10947,10814,10860,10860,78742,0.0
2023-06-30,10895,10895,10771,10875,10875,75658,0.0
2023-07-03,10890,11104,10890,11104,11104,117936,0.0
2023-07-04,11104,11139,11070,11099,11099,191850,0.0
2023-07-05,11094,11124,10999,11013,11013,114281,0.0
2023-07-06,11013,11013,10915,10952,10952,89888,0.0
2023-07-07,10947,10947,10743,10743,10743,93202,0.0
2023-07-10,10785,10824,10698,10723,10723,41631,0.0
2023-07-11,10829,10865,10771,10865,10865,109094,0.0
2023-07-12,10814,10957,10795,10957,10957,78541,0.0
2023-07-13,10966,11080,10962,11051,11051,95556,0.0
2023-07-14,11070,11249,11070,11215,11215,191407,0.0
2023-07-17,11163,11245,11159,11220,11220,98871,0.0
2023-07-18,11191,11245,11124,11186,11186,86911,0.0
2023-07-19,11215,11245,11139,11186,11186,80778,0.0
2023-07-20,11172,11181,11104,11124,11124,68136,0.0
2023-07-21,11070,11210,10947,11210,11210,114959,0.0
2023-07-24,11099,11475,11099,11411,11411,392987,0.0
2023-07-25,11436,11483,11348,11416,11416,139920,0.0
2023-07-26,11426,11544,11210,11273,11273,771239,0.0
2023-07-27,11324,11378,11205,11300,11300,218659,0.0
2023-07-28,11379,11398,11259,11398,11398,97080,0.0
2023-07-31,11412,11512,11364,11427,11427,105468,0.0
2023-08-01,11442,11545,11442,11540,11540,174275,0.0
2023-08-02,11502,11502,11159,11163,11163,171726,0.0
2023-08-03,11163,11201,11046,11124,11124,95407,0.0
2023-08-04,11109,11159,11066,11109,11109,51537,0.0
2023-08-07,11104,11144,11004,11018,11018,119167,0.0
2023-08-08,11018,11070,10905,10920,10920,65377,0.0
2023-08-09,10971,11119,10952,11109,11109,129887,0.0
2023-08-10,11094,11094,10947,11066,11066,96035,0.0
2023-08-11,11144,11144,10957,10957,10957,69667,0.0
2023-08-14,10957,10957,10779,10823,10823,140606,0.0
2023-08-16,10746,10823,10648,10683,10683,189026,0.0
2023-08-17,10648,10683,10491,10658,10658,114873,0.0
2023-08-18,10596,10702,10496,10640,10640,43367,0.0
2023-08-21,10635,10692,10586,10606,10606,55607,0.0
2023-08-22,10611,10799,10611,10688,10688,82771,0.0
2023-08-23,10688,10688,10543,10611,10611,60975,0.0
2023-08-24,10717,10865,10717,10865,10865,95524,0.0
2023-08-25,10712,10722,10648,10683,10683,70729,0.0
2023-08-28,10692,10727,10663,10697,10697,30482,0.0
2023-08-29,10620,10789,10620,10774,10774,86123,0.0
2023-08-30,10828,10932,10828,10843,10843,51647,0.0
2023-08-31,10880,10928,10799,10875,10875,46960,0.0
2023-09-01,10875,10885,10808,10865,10865,61632,0.0
2023-09-04,10865,10962,10808,10962,10962,69954,0.0
2023-09-05,10962,10989,10932,10980,10980,50529,0.0
2023-09-06,10980,10980,10855,10880,10880,26439,0.0
2023-09-07,10880,10880,10779,10847,10847,36622,0.0
2023-09-08,10847,10847,10635,10742,10742,55396,0.0
2023-09-11,10742,10760,10653,10737,10737,59244,0.0
2023-09-12,10737,10746,10635,10683,10683,73164,0.0
2023-09-13,10635,10765,10635,10668,10668,57785,0.0
2023-09-14,10668,10885,10668,10870,10870,116577,0.0
2023-09-15,10828,11094,10828,11061,11061,103078,0.0
2023-09-18,10905,11046,10880,10915,10915,40146,0.0
2023-09-19,10875,10937,10755,10794,10794,46136,0.0
2023-09-20,10833,10847,10746,10813,10813,41187,0.0
2023-09-21,10779,10779,10558,10577,10577,73833,0.0
2023-09-22,10463,10538,10416,10530,10530,119107,0.0
2023-09-25,10530,10530,10416,10463,10463,152395,0.0
2023-09-26,10491,10491,10328,10358,10358,149427,0.0
2023-09-27,10320,10358,10256,10358,10358,128135,0.0
2023-10-04,10218,10237,10117,10146,10146,142886,0.0
2023-10-05,10343,10343,10191,10227,10227,27720,0.0
2023-10-06,10227,10276,10176,10232,10232,170848,0.0
2023-10-10,10251,10411,10186,10191,10191,69239,0.0
2023-10-11,10396,10506,10367,10396,10396,141750,0.0
2023-10-12,10463,10586,10458,10586,10586,47688,0.0
2023-10-13,10562,10562,10486,10511,10511,28221,0.0
2023-10-16,10458,10468,10320,10401,10401,33101,0.0
2023-10-17,10454,10601,10454,10581,10581,37828,0.0
2023-10-18,10534,10611,10511,10562,10562,37955,0.0
2023-10-19,10476,10511,10333,10348,10348,50481,0.0
2023-10-20,10227,10227,10112,10176,10176,151225,0.0
2023-10-23,10176,10205,10108,10127,10127,122050,0.0
2023-10-24,10237,10300,10026,10300,10300,80984,0.0
2023-10-25,10310,10328,10098,10103,10103,83522,0.0
2023-10-26,10088,10088,9735,9744,9744,212374,0.0
2023-10-27,9652,9860,9652,9803,9803,176721,0.0
2023-10-30,9793,9876,9754,9818,9818,218972,0.0
2023-10-31,9871,9871,9603,9657,9657,339383,0.0
2023-11-01,9720,9808,9671,9735,9735,156163,0.0
2023-11-02,9894,10032,9889,10032,10032,245703,0.0
2023-11-03,10143,10158,10071,10129,10129,85792,0.0
2023-11-06,10330,10726,10325,10726,10726,217642,0.0
2023-11-07,10696,10696,10317,10414,10414,164603,0.0
2023-11-08,10447,10524,10216,10258,10258,93326,0.0
2023-11-09,10268,10297,10178,10253,10253,129923,0.0
2023-11-10,10012,10234,10012,10202,10202,190652,0.0
2023-11-13,10317,10350,10173,10188,10188,101163,0.0
2023-11-14,10278,10962,10273,10340,10340,155483,0.0
2023-11-15,10604,10652,10509,10618,10618,158434,0.0
2023-11-16,10633,10638,10541,10623,10623,109694,0.0
2023-11-17,10584,10594,10514,10551,10551,162465,0.0
2023-11-20,10533,10682,10524,10662,10662,94396,0.0
2023-11-21,10726,10749,10687,10696,10696,133447,0.0
2023-11-22,10609,10696,10579,10667,10667,86287,0.0
2023-11-23,10716,10745,10662,10721,10721,96984,0.0
2023-11-24,10721,10769,10604,10604,10604,39586,0.0
2023-11-27,10604,10657,10536,10584,10584,72074,0.0
2023-11-28,10609,10662,10579,10662,10662,85581,0.0
2023-11-29,10647,10701,10579,10701,10701,65169,0.0
2023-11-30,10667,10773,10647,10773,10773,111180,0.0
2023-12-01,10701,10701,10561,10604,10604,253095,0.0
2023-12-04,10623,10682,10561,10575,10575,57802,0.0
2023-12-05,10519,10524,10394,10429,10429,72016,0.0
2023-12-06,10479,10479,10404,10404,10404,38039,0.0
2023-12-07,10404,10433,10345,10394,10394,39925,0.0
2023-12-08,10484,10633,10484,10609,10609,112334,0.0
2023-12-11,10638,10672,10575,10672,10672,48806,0.0
2023-12-12,10662,10741,10662,10687,10687,117582,0.0
2023-12-13,10677,10687,10579,10594,10594,78890,0.0
2023-12-14,10749,10827,10736,10788,10788,454829,0.0
2023-12-15,10869,11027,10869,10985,10985,342022,0.0
2023-12-18,10980,11022,10937,10971,10971,106917,0.0
2023-12-19,10985,10999,10942,10980,10980,52303,0.0
2023-12-20,11075,11211,11056,11206,11206,273433,0.0
2023-12-21,11139,11181,11051,11149,11149,179475,0.0
2023-12-22,11221,11287,11159,11168,11168,128717,0.0
2023-12-26,11181,11206,11119,11186,11186,178744,0.0
2023-12-27,11296,11326,11191,11326,11326,340334,0.0
2023-12-28,11335,11547,11330,11547,11547,304470,0.0
2024-01-02,11542,11667,11468,11667,11667,326078,0.0
2024-01-03,11463,11490,11269,11301,11301,193015,0.0
2024-01-04,11221,11287,11139,11211,11211,160462,0.0
2024-01-05,11211,11231,11159,11201,11201,109915,0.0
2024-01-08,11211,11231,11075,11099,11099,135658,0.0
2024-01-09,11221,11241,11004,11037,11037,106531,0.0
2024-01-10,11032,11066,10846,10899,10899,155800,0.0
2024-01-11,10884,10971,10846,10914,10914,94267,0.0
2024-01-12,10874,10904,10745,10783,10783,138547,0.0
2024-01-15,10769,10807,10692,10764,10764,90336,0.0
2024-01-16,10706,10749,10618,10628,10628,179768,0.0
2024-01-17,10633,10662,10317,10360,10360,252552,0.0
2024-01-18,10335,10452,10283,10429,10429,153321,0.0
2024-01-19,10541,10623,10519,10575,10575,136606,0.0
2024-01-22,10692,10731,10570,10570,10570,107811,0.0
2024-01-23,10570,10599,10499,10556,10556,103673,0.0
2024-01-24,10556,10556,10414,10556,10556,151277,0.0
2024-01-25,10504,10536,10442,10504,10504,135571,0.0
2024-01-26,10466,10672,10429,10556,10556,117046,0.0
2024-01-29,10556,10754,10556,10692,10692,170269,0.0
2024-01-30,10754,10798,10633,10662,10662,99889,0.0
2024-01-31,10584,10667,10575,10594,10594,138289,0.0
2024-02-01,10528,10696,10528,10696,10696,140499,0.0
2024-02-02,10793,11139,10793,11134,11134,319853,0.0
2024-02-05,11134,11163,10937,11022,11022,145097,0.0
2024-02-06,10975,11085,10904,11009,11009,200462,0.0
2024-02-07,11061,11231,11056,11154,11154,159283,0.0
2024-02-08,11201,11269,11181,11250,11250,213799,0.0
2024-02-13,11282,11458,11282,11311,11311,365384,0.0
2024-02-14,11196,11321,11159,11301,11301,129423,0.0
2024-02-15,11389,11423,11236,11255,11255,144091,0.0
2024-02-16,11321,11365,11246,11365,11365,184817,0.0
2024-02-19,11345,11499,11345,11443,11443,515936,0.0
2024-02-20,11404,11408,11260,11345,11345,106814,0.0
2024-02-21,11311,11385,11260,11301,11301,157852,0.0
2024-02-22,11408,11458,11375,11438,11438,129434,0.0
2024-02-23,11557,11623,11453,11482,11482,267135,0.0
2024-02-26,11345,11482,11345,11443,11443,93766,0.0
2024-02-27,11423,11443,11260,11282,11282,187997,0.0
2024-02-28,11292,11514,11292,11499,11499,108101,0.0
2024-02-29,11418,11494,11355,11453,11453,120045,0.0
2024-03-04,11542,11750,11537,11721,11721,384957,0.0
2024-03-05,11628,11682,11528,11557,11557,207028,0.0
2024-03-06,11485,11528,11453,11499,11499,160713,0.0
2024-03-07,11542,11618,11463,11599,11599,330997,0.0
2024-03-08,11730,11855,11711,11802,11802,329395,0.0
2024-03-11,11682,11716,11566,11608,11608,351376,0.0
2024-03-12,11623,11764,11595,11740,11740,176601,0.0
2024-03-13,11774,11836,11667,11745,11745,145061,0.0
2024-03-14,11730,11760,11662,11702,11702,220908,0.0
2024-03-15,11599,11618,11490,11509,11509,336538,0.0
2024-03-18,11533,11628,11485,11628,11628,152450,0.0
2024-03-19,11575,11575,11380,11499,11499,160987,0.0
2024-03-20,11533,11585,11514,11571,11571,165714,0.0
2024-03-21,11831,12000,11816,11990,11990,644743,0.0
2024-03-22,11938,12047,11889,11970,11970,405016,0.0
2024-03-25,11975,12116,11914,11952,11952,270586,0.0
2024-03-26,12000,12236,12000,12106,12106,344937,0.0
2024-03-27,12082,12226,12072,12162,12162,381497,0.0
2024-03-28,12192,12221,12106,12187,12187,188915,0.0
2024-03-29,12167,12292,12091,12292,12292,385225,0.0
2024-04-01,12292,12385,12201,12211,12211,259460,0.0
2024-04-02,12211,12269,12167,12226,12226,180505,0.0
2024-04-03,12057,12096,11919,11919,11919,173540,0.0
2024-04-04,12057,12221,12047,12221,12221,145083,0.0
2024-04-05,12067,12132,11980,12042,12042,147396,0.0
2024-04-08,12042,12123,11995,12067,12067,146103,0.0
2024-04-09,12086,12177,11990,12000,12000,69368,0.0
2024-04-11,11875,12182,11855,12162,12162,104279,0.0
2024-04-12,12211,12211,12072,12072,12072,85630,0.0
2024-04-15,11947,12067,11880,12067,12067,88130,0.0
2024-04-16,11904,11938,11682,11760,11760,378570,0.0
2024-04-17,11802,11821,11633,11657,11657,127336,0.0
2024-04-18,11618,11821,11608,11807,11807,123214,0.0
2024-04-19,11575,11638,11321,11519,11519,255161,0.0
2024-04-22,11523,11599,11443,11599,11599,72106,0.0
2024-04-23,11633,11667,11547,11552,11552,70164,0.0
2024-04-24,11730,11904,11730,11904,11904,155008,0.0
2024-04-25,11692,11750,11599,11599,11599,95909,0.0
2024-04-26,11725,11750,11638,11707,11707,74008,0.0
2024-04-29,11775,11857,11760,11828,11828,64564,0.0
2024-04-30,11828,11955,11813,11881,11881,84383,0.0
2024-05-02,11818,11926,11803,11921,11921,45654,0.0
2024-05-03,12037,12037,11823,11823,11823,39700,0.0
2024-05-07,12037,12142,12037,12081,12081,142286,0.0
2024-05-08,12066,12100,12012,12056,12056,74102,0.0
2024-05-09,12032,12066,11867,11872,11872,56706,0.0
2024-05-10,11916,12022,11911,11983,11983,194803,0.0
2024-05-13,11983,12002,11881,11950,11950,51990,0.0
2024-05-14,11973,12056,11964,12002,12002,193139,0.0
2024-05-16,12236,12303,12177,12192,12192,357028,0.0
2024-05-17,12167,12206,12041,12056,12056,72386,0.0
2024-05-20,12076,12167,12051,12095,12095,75350,0.0
2024-05-21,12110,12115,12037,12081,12081,53571,0.0
2024-05-22,12032,12265,11998,12260,12260,89594,0.0
2024-05-23,12275,12357,12157,12265,12265,385643,0.0
2024-05-24,12122,12211,12095,12122,12122,74582,0.0
2024-05-27,12142,12279,12110,12279,12279,120263,0.0
2024-05-28,12260,12288,12216,12265,12265,115347,0.0
2024-05-29,12298,12313,12017,12041,12041,76689,0.0
2024-05-30,11983,11983,11717,11717,11717,98060,0.0
2024-05-31,11741,11795,11584,11584,11584,285400,0.0
2024-06-03,11682,11921,11682,11867,11867,125880,0.0
2024-06-04,11857,11931,11808,11872,11872,80068,0.0
2024-06-05,11906,12085,11872,12056,12056,168222,0.0
2024-06-07,12162,12367,12142,12367,12367,304165,0.0
2024-06-10,12216,12293,12142,12221,12221,159422,0.0
2024-06-11,12245,12353,12162,12265,12265,246705,0.0
2024-06-12,12288,12372,12255,12328,12328,136722,0.0
2024-06-13,12444,12676,12444,12516,12516,551391,0.0
2024-06-14,12561,12581,12236,12566,12566,243171,0.0
2024-06-17,12464,12610,12464,12502,12502,137130,0.0
2024-06-18,12571,12750,12571,12745,12745,373904,0.0
2024-06-19,12813,12955,12768,12847,12847,579503,0.0
2024-06-20,12847,12964,12823,12955,12955,425687,0.0
2024-06-21,12808,12837,12711,12758,12758,176820,0.0
2024-06-24,12648,12696,12576,12663,12663,103752,0.0
2024-06-25,12586,12701,12546,12701,12701,151582,0.0
2024-06-26,12676,12897,12643,12897,12897,202786,0.0
2024-06-27,12740,12907,12716,12907,12907,87472,0.0
2024-06-28,12955,12955,12798,12907,12907,121185,0.0
2024-07-01,12788,12916,12788,12916,12916,125972,0.0
2024-07-02,12902,12936,12768,12798,12798,137950,0.0
2024-07-03,12798,12916,12725,12916,12916,203924,0.0
2024-07-04,12964,13066,12931,13026,13026,248447,0.0
2024-07-05,13051,13308,13051,13284,13284,527573,0.0
2024-07-08,13284,13362,13239,13264,13264,356732,0.0
2024-07-09,13264,13322,13163,13289,13289,92168,0.0
2024-07-10,13244,13259,13149,13244,13244,156445,0.0
2024-07-11,13317,13467,13304,13357,13357,325761,0.0
2024-07-12,13201,13244,13061,13144,13144,124675,0.0
2024-07-15,13158,13197,13066,13139,13139,130138,0.0
2024-07-16,13099,13206,13075,13183,13183,191341,0.0
2024-07-17,13124,13124,12950,12955,12955,403002,0.0
2024-07-18,12696,12813,12629,12813,12813,355874,0.0
2024-07-19,12658,12691,12526,12629,12629,163253,0.0
2024-07-22,12615,12620,12401,12507,12507,267348,0.0
2024-07-23,12556,12676,12502,12581,12581,211179,0.0
2024-07-24,12459,12600,12387,12482,12482,119607,0.0
2024-07-25,12226,12288,12132,12177,12177,129141,0.0
2024-07-26,12211,12265,12071,12236,12236,163722,0.0
2024-07-29,12298,12487,12298,12469,12469,41096,0.0
2024-07-30,12318,12382,12216,12275,12275,99777,0.0
2024-07-31,12284,12421,12177,12421,12421,49134,0.0
2024-08-01,12606,12606,12431,12431,12431,131758,0.0
2024-08-02,12076,12090,11740,11755,11755,193085,0.0
2024-08-05,11569,11569,10442,10758,10758,562423,0.0
2024-08-06,11142,11311,10899,11034,11034,281912,0.0
2024-08-07,10942,11405,10919,11263,11263,162730,0.0
2024-08-08,11058,11249,10977,11092,11092,133841,0.0
2024-08-09,11429,11434,11278,11326,11326,59001,0.0
2024-08-12,11365,11540,11365,11497,11497,130268,0.0
2024-08-13,11540,11569,11434,11531,11531,40469,0.0
2024-08-14,11730,11745,11627,11661,11661,85376,0.0
2024-08-16,11930,12090,11930,12056,12056,341951,0.0
2024-08-19,12056,12056,11842,11900,11900,102794,0.0
2024-08-20,12056,12137,12032,12081,12081,64354,0.0
2024-08-21,11930,11998,11910,11973,11973,83960,0.0
2024-08-22,11973,12017,11900,12017,12017,53671,0.0
2024-08-23,11856,11998,11856,11935,11935,144702,0.0
2024-08-26,12027,12037,11812,11847,11847,66246,0.0
2024-08-27,11799,11832,11681,11701,11701,62012,0.0
2024-08-28,11711,11784,11602,11755,11755,53864,0.0
2024-08-29,11517,11646,11507,11607,11607,42980,0.0
2024-08-30,11646,11750,11637,11656,11656,30127,0.0
2024-09-02,11666,11686,11517,11642,11642,49163,0.0
2024-09-03,11642,11666,11449,11507,11507,198895,0.0
2024-09-04,10982,11147,10937,10982,10982,132595,0.0
2024-09-05,11029,11157,10914,11020,11020,114901,0.0
2024-09-06,10982,10991,10801,10894,10894,103587,0.0
2024-09-09,10660,10869,10625,10836,10836,70882,0.0
2024-09-10,10854,10884,10753,10797,10797,68280,0.0
2024-09-11,10777,10777,10538,10645,10645,64643,0.0
2024-09-12,10821,10991,10801,10977,10977,92269,0.0
2024-09-13,10869,11010,10869,10952,10952,120972,0.0
2024-09-19,10879,10942,10685,10894,10894,96864,0.0
2024-09-20,11039,11102,10957,10982,10982,51699,0.0
2024-09-23,10977,11088,10947,11078,11078,43417,0.0
2024-09-24,11132,11142,10991,11122,11122,54841,0.0
2024-09-25,11190,11263,10996,10996,10996,82585,0.0
2024-09-26,11180,11449,11180,11449,11449,117626,0.0
2024-09-27,11569,11666,11521,11521,11521,140789,0.0
2024-09-30,11526,11569,11152,11152,11152,123655,0.0
2024-10-02,11010,11152,10972,10986,10986,61712,0.0
2024-10-04,10996,11112,10928,11024,11024,162184,0.0
2024-10-07,11122,11306,11024,11306,11306,135358,0.0
2024-10-08,11195,11249,11142,11180,11180,75681,0.0
2024-10-10,11301,11370,11254,11306,11306,69134,0.0
2024-10-11,11345,11429,11321,11335,11335,40953,0.0
2024-10-14,11360,11521,11360,11454,11454,78504,0.0
2024-10-15,11521,11521,11419,11479,11479,50602,0.0
2024-10-16,11287,11395,11245,11306,11306,36676,0.0
2024-10-17,11370,11370,11175,11296,11296,46100,0.0
2024-10-18,11301,11316,11117,11157,11157,91862,0.0
2024-10-21,11166,11259,11137,11210,11210,69912,0.0
2024-10-22,11205,11215,10986,10986,10986,179382,0.0
2024-10-23,10986,11273,10986,11249,11249,64370,0.0
2024-10-24,11170,11200,11058,11058,11058,44749,0.0
2024-10-25,11117,11278,11117,11166,11166,59170,0.0
2024-10-28,11147,11254,11142,11220,11220,46427,0.0
2024-10-29,11162,11185,11058,11162,11162,70273,0.0
2024-10-30,11097,11186,11068,11117,11117,35940,0.0
2024-10-31,11015,11029,10845,10845,10845,140258,0.0
2024-11-01,10762,10879,10738,10820,10820,153671,0.0
2024-11-04,10869,11078,10825,11078,11078,92210,0.0
2024-11-05,11015,11043,10962,10996,10996,72318,0.0
2024-11-06,11068,11078,10845,10928,10928,98157,0.0
2024-11-07,10923,11039,10845,10967,10967,66597,0.0
2024-11-08,11024,11097,10909,10923,10923,72304,0.0
2024-11-11,10859,10859,10674,10728,10728,109623,0.0
2024-11-12,10698,10703,10436,10454,10454,184500,0.0
2024-11-13,10411,10469,10196,10196,10196,151022,0.0
2024-11-14,10249,10284,10103,10123,10123,141525,0.0
2024-11-15,10123,10294,10103,10264,10264,116614,0.0
2024-11-18,10322,10528,10284,10483,10483,99906,0.0
2024-11-19,10436,10478,10416,10416,10416,73385,0.0
2024-11-20,10493,10557,10464,10498,10498,59595,0.0
2024-11-21,10454,10605,10436,10537,10537,67938,0.0
2024-11-22,10580,10708,10566,10669,10669,72629,0.0
2024-11-25,10684,10825,10674,10791,10791,60895,0.0
2024-11-26,10698,10781,10689,10781,10781,64511,0.0
2024-11-27,10738,10738,10576,10619,10619,157090,0.0
2024-11-28,10542,10561,10459,10469,10469,112397,0.0
2024-11-29,10421,10421,10230,10332,10332,108333,0.0
2024-12-02,10337,10431,10259,10259,10259,102353,0.0
2024-12-03,10342,10473,10342,10473,10473,68722,0.0
2024-12-04,10225,10411,10225,10327,10327,141746,0.0
2024-12-05,10327,10367,10220,10220,10220,77492,0.0
2024-12-06,10254,10279,9995,10157,10157,93758,0.0
2024-12-09,10000,10128,9990,10030,10030,184977,0.0
2024-12-10,10108,10264,10098,10264,10264,82988,0.0
2024-12-11,10162,10352,10162,10352,10352,56338,0.0
2024-12-12,10411,10498,10357,10450,10450,52556,0.0
2024-12-13,10469,10557,10401,10523,10523,87182,0.0
2024-12-16,10614,10649,10503,10547,10547,91856,0.0
2024-12-17,10590,10590,10440,10469,10469,66846,0.0
2024-12-18,10469,10698,10469,10679,10679,113092,0.0
2024-12-19,10332,10426,10332,10386,10386,52866,0.0
2024-12-20,10362,10362,10157,10269,10269,88188,0.0
2024-12-23,10303,10372,10264,10318,10318,38999,0.0
2024-12-24,10318,10367,10274,10308,10308,127883,0.0
2024-12-26,10318,10362,10274,10289,10289,56372,0.0
2024-12-27,10239,10362,10230,10327,10327,69587,0.0
2024-12-30,10298,10436,10284,10298,10298,41171,0.0
2025-01-02,10239,10274,10133,10192,10192,87344,0.0
2025-01-03,10196,10508,10196,10431,10431,179066,0.0
2025-01-06,10528,10815,10503,10805,10805,144943,0.0
2025-01-07,10864,10977,10718,10718,10718,129626,0.0
2025-01-08,10718,10894,10659,10805,10805,68582,0.0
2025-01-09,10909,11015,10894,10932,10932,144685,0.0
2025-01-10,10962,11063,10928,10928,10928,109658,0.0
2025-01-13,10884,10923,10728,10752,10752,44311,0.0
2025-01-14,10805,10810,10698,10776,10776,34245,0.0
2025-01-15,10840,10952,10767,10786,10786,88573,0.0
2025-01-16,10982,11034,10947,10967,10967,84934,0.0
2025-01-17,10962,11020,10879,10962,10962,78027,0.0
2025-01-20,11015,11015,10904,10947,10947,117802,0.0
2025-01-21,10991,11112,10894,10972,10972,99682,0.0
2025-01-22,11020,11157,10986,11132,11132,235377,0.0
2025-01-23,11068,11102,10972,11020,11020,95179,0.0
2025-01-24,11059,11093,10942,11010,11010,53797,0.0
2025-01-31,10658,10801,10609,10747,10747,111661,0.0
2025-02-03,10492,10522,10316,10409,10409,122856,0.0
2025-02-04,10517,10643,10453,10497,10497,1463096,0.0
2025-02-05,10584,10717,10579,10697,10697,74687,0.0
2025-02-06,10732,10752,10658,10737,10737,526779,0.0
2025-02-07,10752,10767,10633,10658,10658,39069,0.0
2025-02-10,10541,10668,10492,10633,10633,85414,0.0
2025-02-11,10658,10737,10623,10663,10663,62612,0.0
2025-02-12,10599,10633,10527,10565,10565,230923,0.0
2025-02-13,10570,10752,10570,10752,10752,69009,0.0
2025-02-14,10767,10850,10742,10781,10781,158342,0.0
2025-02-17,10805,10869,10776,10835,10835,51038,0.0
2025-02-18,10835,10854,10747,10854,10854,62396,0.0
2025-02-19,10919,11118,10919,11079,11079,914773,0.0
2025-02-20,11079,11088,10952,10967,10967,211756,0.0
2025-02-21,10977,11030,10914,11020,11020,112009,0.0
2025-02-24,10854,10914,10820,10909,10909,63228,0.0
2025-02-25,10815,10850,10772,10772,10772,108182,0.0
2025-02-26,10772,10957,10757,10932,10932,65339,0.0
2025-02-27,10942,10942,10776,10786,10786,74714,0.0
2025-02-28,10633,10633,10424,10457,10457,445265,0.0
2025-03-04,10424,10477,10297,10360,10360,151008,0.0
2025-03-05,10467,10541,10340,10438,10438,202930,0.0
2025-03-06,10522,10628,10522,10589,10589,101878,0.0
2025-03-07,10556,10609,10457,10579,10579,130775,0.0
2025-03-10,10517,10570,10462,10532,10532,66227,0.0
2025-03-11,10292,10472,10257,10448,10448,132119,0.0
2025-03-12,10487,10742,10487,10707,10707,109193,0.0
2025-03-13,10801,10869,10648,10752,10752,137998,0.0
2025-03-14,10732,10801,10717,10762,10762,90336,0.0
2025-03-17,10815,10942,10815,10942,10942,167251,0.0
2025-03-18,11001,11084,10884,10909,10909,95952,0.0
2025-03-19,10854,11103,10854,11059,11059,123233,0.0
2025-03-20,11084,11222,11084,11222,11222,185655,0.0
2025-03-21,11217,11363,11217,11363,11363,354126,0.0
2025-03-24,11289,11353,11187,11270,11270,79431,0.0
2025-03-25,11378,11472,11237,11338,11338,188016,0.0
2025-03-26,11333,11422,11265,11348,11348,196449,0.0
2025-03-27,11251,11270,11133,11168,11168,109354,0.0
2025-03-28,11069,11069,10845,10879,10879,111995,0.0
2025-03-31,10673,10678,10507,10522,10522,141473,0.0
2025-04-01,10688,10767,10551,10767,10767,303278,0.0
2025-04-02,10781,10781,10643,10688,10688,45264,0.0
2025-04-03,10350,10541,10292,10541,10541,167346,0.0
2025-04-04,10345,10541,10169,10277,10277,428179,0.0
2025-04-07,9861,9861,9655,9655,9655,256092,0.0
2025-04-08,9899,9903,9591,9625,9625,164575,0.0
2025-04-09,9591,9630,9420,9479,9479,194373,0.0
2025-04-10,9763,10179,9763,10139,10139,183405,0.0
2025-04-11,9948,9948,9803,9938,9938,73759,0.0
2025-04-14,9982,10071,9948,10022,10022,87412,0.0
2025-04-15,10022,10144,10022,10115,10115,50696,0.0
2025-04-16,10042,10042,9876,9903,9903,57516,0.0
2025-04-17,9928,9953,9856,9943,9943,56314,0.0
2025-04-18,9958,10017,9886,10017,10017,31748,0.0
2025-04-21,10052,10125,10007,10057,10057,472208,0.0
2025-04-22,10027,10066,9978,9978,9978,106832,0.0
2025-04-23,10144,10262,10135,10262,10262,157192,0.0
2025-04-24,10277,10277,10120,10139,10139,457912,0.0
2025-04-25,10325,10335,10252,10316,10316,79964,0.0
2025-04-28,10325,10325,10238,10297,10297,134339,0.0
2025-04-29,10336,10386,10247,10351,10351,449934,0.0
2025-04-30,10351,10366,10252,10341,10341,40105,0.0
2025-05-02,10272,10391,10228,10376,10376,72285,0.0
2025-05-07,10396,10465,10376,10450,10450,457353,0.0
2025-05-08,10495,10505,10386,10411,10411,102774,0.0
2025-05-09,10475,10475,10346,10401,10401,48445,0.0
2025-05-12,10465,10653,10455,10653,10653,535395,0.0
2025-05-13,10847,10877,10623,10663,10663,128916,0.0
2025-05-14,10738,10822,10703,10798,10798,98098,0.0
2025-05-15,10793,10807,10613,10678,10678,1774675,0.0
2025-05-16,10668,10728,10658,10663,10663,62810,0.0
2025-05-19,10653,10653,10515,10574,10574,122921,0.0
2025-05-20,10623,10723,10583,10628,10628,519637,0.0
2025-05-21,10703,10703,10593,10633,10633,56180,0.0
2025-05-22,10490,10560,10411,10460,10460,89157,0.0
2025-05-23,10460,10530,10431,10436,10436,430740,0.0
2025-05-26,10431,10583,10406,10579,10579,105573,0.0
2025-05-27,10583,10598,10520,10583,10583,40127,0.0
2025-05-28,10598,10827,10598,10827,10827,237770,0.0
2025-05-29,10931,11020,10867,11020,11020,239425,0.0
2025-05-30,10971,10971,10832,10902,10902,127474,0.0
2025-06-02,10867,10936,10778,10842,10842,143900,0.0
2025-06-04,11069,11214,11005,11214,11214,432287,0.0
2025-06-05,11224,11521,11224,11417,11417,474465,0.0
2025-06-09,11560,11704,11545,11654,11654,390726,0.0
2025-06-10,11674,11729,11575,11674,11674,277003,0.0
2025-06-11,11724,11858,11719,11858,11858,301581,0.0
2025-06-12,11818,11903,11709,11763,11763,236636,0.0
2025-06-13,11768,11808,11575,11694,11694,253719,0.0
2025-06-16,11694,11878,11624,11878,11878,230427,0.0
2025-06-17,11893,12160,11843,11843,11843,577140,0.0
2025-06-18,11754,12090,11754,12090,12090,179060,0.0
2025-06-19,12110,12185,11659,12090,12090,305600,0.0
2025-06-20,12036,12298,12036,12298,12298,356821,0.0
2025-06-23,12090,12274,11997,12264,12264,360598,0.0
2025-06-24,12443,12720,12328,12720,12720,813218,0.0
2025-06-25,12734,12834,12650,12824,12824,552414,0.0
2025-06-26,12844,12884,12567,12744,12744,489550,0.0
2025-06-27,12769,12829,12577,12670,12670,525772,0.0
2025-06-30,12675,12759,12592,12715,12715,220717,0.0
2025-07-01,12774,12894,12690,12724,12724,231156,0.0
2025-07-02,12685,12705,12458,12665,12665,266651,0.0
2025-07-03,12670,12884,12670,12884,12884,225624,0.0
2025-07-04,12894,12904,12607,12660,12660,308387,0.0
2025-07-07,12597,12685,12463,12685,12685,179138,0.0
2025-07-08,12675,12992,12645,12992,12992,346862,0.0
2025-07-09,12909,12919,12764,12889,12889,212861,0.0
2025-07-10,12889,13067,12869,13067,13067,375976,0.0
2025-07-11,13087,13295,13047,13132,13132,544852,0.0
2025-07-14,13132,13215,13047,13205,13205,284319,0.0
2025-07-15,13182,13305,13047,13305,13305,584747,0.0
2025-07-16,13295,13295,13107,13215,13215,215470,0.0
2025-07-17,13132,13132,12919,13072,13072,529880,0.0
2025-07-18,13082,13107,12949,13047,13047,124506,0.0
2025-07-21,13047,13142,13042,13142,13142,210280,0.0
2025-07-22,13142,13152,12859,12959,12959,407368,0.0
2025-07-23,12959,13052,12834,13042,13042,267638,0.0
2025-07-24,13097,13280,12997,13072,13072,647164,0.0
2025-07-25,13072,13167,13017,13047,13047,128381,0.0
2025-07-28,13067,13107,12879,13082,13082,217654,0.0
2025-07-29,13012,13201,12924,13201,13201,136307,0.0
2025-07-30,13147,13410,13147,13266,13266,451364,0.0
2025-07-31,13435,13475,13216,13315,13315,285341,0.0
2025-08-01,13107,13112,12703,12703,12703,327242,0.0
2025-08-04,12698,12928,12678,12908,12908,185558,0.0
2025-08-05,12987,13112,12928,13072,13072,179195,0.0
2025-08-06,12987,12987,12848,12898,12898,256525,0.0
2025-08-07,12997,13027,12868,13017,13017,222978,0.0
2025-08-08,13102,13142,12938,12997,12997,145654,0.0
2025-08-11,13067,13067,12963,13047,13047,174865,0.0
2025-08-12,13027,13266,13027,13087,13087,563532,0.0
2025-08-13,13211,13276,13127,13276,13276,261980,0.0
2025-08-14,13276,13325,13172,13286,13286,586452,0.0
2025-08-18,13152,13152,12943,13012,13012,240949,0.0
2025-08-19,12982,13002,12833,12918,12918,101789,0.0
2025-08-20,12873,12873,12625,12813,12813,181188,0.0
2025-08-21,12728,12868,12688,12688,12688,337017,0.0
2025-08-22,12728,12868,12728,12838,12838,56332,0.0
2025-08-25,12928,12992,12898,12968,12968,138177,0.0
2025-08-26,12968,12968,12828,12888,12888,100581,0.0
2025-08-27,12888,12888,12758,12863,12863,71616,0.0
2025-08-28,12828,13057,12758,12992,12992,261327,0.0
2025-08-29,12992,13062,12918,12958,12958,151163,0.0
2025-09-01,12828,12828,12653,12673,12673,187703,0.0
2025-09-02,12713,12903,12713,12893,12893,265786,0.0
2025-09-03,12893,12987,12838,12977,12977,88468,0.0
2025-09-04,12997,13057,12938,12972,12972,103833,0.0
2025-09-05,13062,13137,13032,13072,13072,168742,0.0
2025-09-08,13102,13137,13047,13137,13137,75054,0.0
2025-09-09,13137,13380,13122,13355,13355,422888,0.0
2025-09-10,13450,13813,13445,13748,13748,1477283,0.0
2025-09-11,13863,13988,13778,13983,13983,1038784,0.0
2025-09-12,14032,14350,14007,14350,14350,1455631,0.0
2025-09-15,14360,14515,14277,14405,14405,1603148,0.0
2025-09-16,14450,14784,14410,14784,14784,3046639,0.0
2025-09-17,14660,14660,14455,14540,14540,720461,0.0
2025-09-18,14580,14873,14545,14863,14863,1563981,0.0
2025-09-19,14883,14928,14739,14853,14853,1642221,0.0
2025-09-22,14853,15027,14843,15008,15008,2096780,0.0
2025-09-23,15032,15212,14978,15212,15212,2305084,0.0
2025-09-24,15112,15242,14968,15202,15202,865755,0.0
2025-09-25,15102,15267,15072,15267,15267,898163,0.0
2025-09-26,15112,15112,14729,14898,14898,595767,0.0
2025-09-29,14948,15242,14948,15147,15147,319000,0.0
2025-09-30,15202,15282,15117,15207,15207,605445,0.0
2025-10-01,15227,15357,15217,15292,15292,850270,0.0
2025-10-02,15764,16212,15650,15968,15968,5742992,0.0
2025-10-10,16461,16754,16377,16550,16550,1492671,0.0
2025-10-13,16237,16312,15998,16312,16312,1129709,0.0
2025-10-14,16495,16680,15929,16102,16102,2894063,0.0
2025-10-15,16152,16525,16102,16525,16525,955890,0.0
2025-10-16,16525,17117,16515,17067,17067,1535429,0.0
2025-10-17,17043,17466,16979,17282,17282,2123014,0.0
2025-10-20,17357,17685,17157,17685,17685,1288929,0.0
2025-10-21,17864,18137,17580,17665,17665,2179253,0.0
2025-10-22,17585,17784,17337,17784,17784,806318,0.0
2025-10-23,17461,17834,17377,17541,17541,812176,0.0
2025-10-24,17730,18034,17720,18004,18004,588489,0.0
2025-10-27,18182,18581,18182,18581,18581,1461266,0.0
2025-10-28,18337,18362,18019,18252,18252,1298727,0.0
2025-10-29,18501,18770,18182,18770,18770,1521510,0.0
2025-10-30,18970,19274,18870,19095,19095,2057294,0.0
2025-10-31,19095,19314,18905,19309,19309,1411778,0.0
2025-11-03,19304,20283,19279,20253,20253,2627344,0.0
2025-11-04,20223,20228,19479,19564,19564,2990531,0.0
2025-11-05,19160,19259,18161,19160,19160,2747792,0.0
2025-11-06,19679,19724,19105,19339,19339,3039264,0.0
2025-11-07,18980,19394,18606,19000,19000,2264671,0.0
2025-11-10,19170,19719,19100,19554,19554,2623607,0.0
2025-11-11,19883,20382,19604,19913,19913,2440446,0.0
2025-11-12,19764,20093,19649,20063,20063,1263530,0.0
2025-11-13,19943,20158,19828,20058,20058,868595,0.0
2025-11-14,19374,19469,19005,19010,19010,1640733,0.0
2025-11-17,19404,19684,19334,19684,19684,888155,0.0
2025-11-18,19229,19434,18837,18875,18875,865105,0.0
2025-11-19,18860,18870,18301,18710,18710,927912,0.0
2025-11-20,19309,19389,19030,19040,19040,822681,0.0
2025-11-21,17867,18246,17837,18102,18102,1106892,0.0
2025-11-24,18376,18556,18042,18097,18097,690611,0.0
2025-11-25,18671,18715,18062,18216,18216,835950,0.0
2025-11-26,18216,18566,18067,18556,18556,588032,0.0
2025-11-27,18710,19060,18668,18770,18770,897650,0.0
2025-11-28,18920,18920,18451,18481,18481,903726,0.0
2025-12-01,18666,18755,18276,18446,18446,773136,0.0
2025-12-02,18631,19065,18626,19025,19025,413863,0.0
2025-12-03,19035,19215,18910,19115,19115,693539,0.0
2025-12-04,18975,19035,18735,19035,19035,399284,0.0
2025-12-05,18875,19374,18795,19374,19374,388321,0.0
2025-12-08,19409,19848,19249,19823,19823,600969,0.0
2025-12-09,19774,19793,19554,19604,19604,575890,0.0
2025-12-10,19679,19958,19659,19759,19759,665129,0.0
2025-12-11,19843,19928,19474,19534,19534,683221,0.0
2025-12-12,19529,19769,19451,19709,19709,486181,0.0
2025-12-15,19070,19354,18950,19215,19215,628278,0.0
2025-12-16,19130,19175,18641,18641,18641,799582,0.0
2025-12-17,18715,19170,18616,19155,19155,788097,0.0
2025-12-18,18855,19220,18795,19095,19095,553263,0.0
2025-12-19,19409,19464,19080,19080,19080,568803,0.0
2025-12-22,19544,19724,19529,19724,19724,586595,0.0
2025-12-23,19843,19963,19689,19689,19689,726489,0.0
2025-12-24,19803,19933,19803,19843,19843,510700,0.0
2025-12-26,19923,20233,19923,20103,20103,1206220,0.0
2025-12-29,20607,20951,20517,20951,20951,1973909,0.0
2025-12-30,20862,21246,20827,21126,21126,1297581,0.0
2026-01-02,21176,21994,21176,21989,21989,1814280,0.0
2026-01-05,22528,22953,22469,22953,22953,1750829,0.0
2026-01-06,22773,23447,22394,23447,23447,1706068,0.0
2026-01-07,24006,24156,23382,23866,23866,1964599,0.0
2026-01-08,23671,24480,23646,23941,23941,2718305,0.0
2026-01-09,23731,24175,23427,24116,24116,1615138,0.0
2026-01-12,24450,24485,23726,24081,24081,1872717,0.0
2026-01-13,24375,24375,23956,24265,24265,1571648,0.0
2026-01-14,24215,24475,24121,24455,24455,2053725,0.0
2026-01-15,24335,24819,24230,24819,24819,1501971,0.0
2026-01-16,24844,25219,24804,25169,25169,2030895,0.0
2026-01-19,25009,25658,24959,25628,25628,2898009,0.0
2026-01-20,25628,25658,24954,25224,25224,2269689,0.0
2026-01-21,24710,25663,24710,25663,25663,2053111,0.0
2026-01-22,26302,26421,25723,25857,25857,3365660,0.0
2026-01-23,25932,26097,25493,26052,26052,2219881,0.0
2026-01-26,25942,26012,25548,25578,25578,2628873,0.0
2026-01-27,25373,26736,25169,26736,26736,2634787,0.0
2026-01-28,26990,27589,26871,27465,27465,3551850,0.0
2026-01-29,27930,28100,26835,27865,27865,2960093,0.0
2026-01-30,27650,28795,27635,28225,28225,3242003,0.0
2026-02-02,27545,27955,26375,26520,26520,3624948,0.0
2026-02-03,27580,28590,27440,28590,28590,2429606,0.0
2026-02-04,28215,28755,28035,28755,28755,2206780,0.0
2026-02-05,27770,28145,27210,27400,27400,3157422,0.0
2026-02-06,26495,27400,25945,27250,27250,3898355,0.0
2026-02-09,28480,28630,28125,28290,28290,2606084,0.0
2026-02-10,28550,28780,28250,28250,28250,2073452,0.0
2026-02-11,28020,28600,27800,28460,28460,1319742,0.0
2026-02-12,28850,29475,28760,29355,29355,3187922,0.0
2026-02-13,29355,29820,29225,29455,29455,4302710,0.0
2026-02-19,30110,30245,29747,30115,30115,2913889,0.0
2026-02-20,30155,31010,29905,31010,31010,3707523,0.0
2026-02-23,31530,31755,30850,31230,31230,4336871,0.0
2026-02-24,31225,32170,30800,32170,32170,3875205,0.0
2026-02-25,32385,33110,32305,32870,32870,5273463,0.0
2026-02-26,33110,34780,33010,34780,34780,7395979,0.0
2026-02-27,33855,35170,33640,34490,34490,8355385,0.0
2026-03-03,33595,33870,31420,31470,31470,8997959,0.0
2026-03-04,30080,31160,27650,27800,27800,10955548,0.0
2026-03-05,31230,31735,30070,30635,30635,10947779,0.0
2026-03-06,29910,31195,29160,30600,30600,3461215,0.0
2026-03-09,28175,28560,27180,28175,28175,3726129,0.0
2026-03-10,29895,30590,29515,30155,30155,3079929,0.0
2026-03-11,30820,31350,30220,30635,30635,3158916,0.0
2026-03-12,30265,30680,29950,30335,30335,2219496,0.0
2026-03-13,29170,30035,28935,29770,29770,3099929,0.0
2026-03-16,29775,30165,29450,30120,30120,1968933,0.0
2026-03-17,31090,31100,30410,30525,30525,2220626,0.0
2026-03-18,31140,32160,31120,32095,32095,3738506,0.0
2026-03-19,30990,31795,30990,31395,31395,2411268,0.0
2026-03-20,31400,31450,31000,31090,31090,2014368,0.0
2026-03-23,29880,29915,28950,29200,29200,3812622,0.0
2026-03-24,30400,30525,28995,29960,29960,3131548,0.0
2026-03-25,30600,30985,30150,30260,30260,1711068,0.0
2026-03-26,29910,29990,29130,29250,29250,1803042,0.0
2026-03-27,28305,29265,27925,29105,29105,2946898,0.0
2026-03-30,27770,28220,27445,28050,28050,2252084,0.0
2026-03-31,27155,27675,26655,26675,26675,2997168,0.0
2026-04-01,28330,29395,28040,29200,29200,2835212,0.0
2026-04-02,29690,29820,27450,27895,27895,3374493,0.0
2026-04-03,28635,28965,28320,28720,28720,1937064,0.0
2026-04-06,28805,29325,28755,29145,29145,1395561,0.0
2026-04-07,29655,29850,28955,29545,29545,2105260,0.0
2026-04-08,30970,31935,30130,31545,31545,4384107,0.0
2026-04-09,31290,31430,30650,30685,30685,2610836,0.0
2026-04-10,31310,31550,31155,31195,31195,1513043,0.0
2026-04-13,30435,31090,30435,31090,31090,1192171,0.0
2026-04-14,31815,32230,31700,31780,31780,2528462,0.0
2026-04-15,32835,33215,32455,32660,32660,4700374,0.0
2026-04-16,33190,33565,32925,33550,33550,2781184,0.0
2026-04-17,33555,33555,32940,33170,33170,2012894,0.0
2026-04-20,33170,33580,32970,33375,33375,2462372,0.0
2026-04-21,33690,34120,33640,34120,34120,3059413,0.0
2026-04-22,33970,34050,33450,34000,34000,3999004,0.0
2026-04-23,34220,34780,33385,34330,34330,4722530,0.0
2026-04-24,34330,34507,33705,34215,34215,1728092,0.0
2026-04-27,34450,35165,34380,34820,34820,2911120,0.0
2026-04-28,34965,35515,34765,35035,35035,3053541,0.0
2026-04-29,34830,35200,34660,35195,35195,1572252,0.0
2026-04-30,35320,35480,34575,34730,34730,2269692,0.0
